SCORE: total_score avg_degree complex_normalized dG_cross dG_cross/dSASAx100 dG_separated dG_separated/dSASAx100 dSASA_hphobic dSASA_int dSASA_polar delta_unsatHbonds dslf_ca_dih dslf_cs_ang dslf_ss_dih dslf_ss_dst fa_atr fa_dun fa_intra_rep fa_mbenv fa_mbsolv fa_pair fa_rep hbond_E_fraction hbond_bb_sc hbond_lr_bb hbond_sc hbond_sr_bb hbonds_int nres_all nres_int omega p_aa_pp packstat per_residue_energy_int pro_close rama ref rmsd sc_value side1_normalized side1_score side2_normalized side2_score description
SCORE: -675.655 13.029 -2.066 -18.516 -1.309 -16.65 -1.177 801.249 1414.173 612.924 10.0 0.146 1.213 0.46 -3.677 -1486.97 294.591 3.807 130.722 418.877 -12.077 171.882 0.193 -10.283 -13.6 -17.915 -206.6 3.0 327.0 54.0 106.911 -7.639 0.0 -1.266 3.28 -27.581 -21.2 0.0 0.0 -1.296 -57.005 -1.135 -11.349 c.11.1
SCORE: -658.817 13.417 -2.015 -18.593 -1.39 -12.041 -0.9 744.858 1337.381 592.524 11.0 0.145 1.173 0.465 -3.644 -1491.333 296.97 3.842 131.286 411.222 -12.294 196.897 0.43 -9.312 -14.299 -18.942 -205.822 4.0 327.0 52.0 108.273 -8.009 0.0 -0.956 3.247 -27.482 -21.2 0.0 0.0 -0.928 -38.97 -1.072 -10.72 c.11.10
SCORE: -616.821 11.967 -1.886 -2.627 -0.19 21.507 1.559 846.299 1379.919 533.619 7.0 0.146 1.224 0.458 -3.669 -1502.41 313.549 4.453 133.043 416.253 -12.269 223.499 -0.062 -8.9 -12.801 -18.045 -207.186 2.0 327.0 47.0 108.308 -6.493 0.0 -0.576 3.176 -27.955 -21.2 0.0 0.0 -0.814 -30.122 0.303 3.033 c.11.100
SCORE: -612.264 13.242 -1.872 -13.908 -1.044 5.403 0.405 818.908 1332.605 513.697 13.0 0.146 1.206 0.461 -3.69 -1516.172 309.863 3.715 131.844 425.519 -12.284 240.408 -0.37 -8.8 -14.976 -17.955 -207.463 3.0 327.0 55.0 107.581 -6.877 0.0 -0.359 3.15 -26.742 -21.2 0.0 0.0 -0.337 -15.18 -0.457 -4.573 c.11.101
SCORE: -607.542 13.121 -1.858 -17.952 -1.33 9.495 0.703 800.401 1349.981 549.58 13.0 0.146 1.165 0.461 -3.643 -1503.966 320.509 4.171 131.041 418.108 -11.368 230.255 -0.179 -9.058 -13.792 -18.628 -205.954 3.0 327.0 53.0 107.159 -7.561 0.0 -0.426 3.177 -28.563 -21.2 0.0 0.0 -0.312 -13.429 -0.916 -9.16 c.11.102
SCORE: -613.752 14.128 -1.877 -17.429 -1.152 -11.213 -0.741 903.149 1513.4 610.251 8.0 0.145 1.206 0.458 -3.67 -1489.765 303.876 3.84 135.921 413.669 -11.323 223.232 0.222 -10.694 -12.846 -16.832 -206.391 2.0 327.0 51.0 107.166 -7.046 0.0 -0.654 3.262 -26.76 -21.2 0.0 0.0 -0.708 -29.042 -0.432 -4.323 c.11.103
SCORE: -615.134 13.5 -1.881 -17.988 -1.319 5.622 0.412 916.662 1363.612 446.95 11.0 0.147 1.219 0.455 -3.678 -1499.987 311.962 4.149 132.264 419.688 -11.445 221.726 -0.467 -7.825 -13.38 -20.668 -206.558 2.0 327.0 54.0 109.885 -7.768 0.0 -0.629 3.231 -27.35 -21.2 0.0 0.0 -0.653 -28.732 -0.524 -5.242 c.11.104
SCORE: -608.992 13.139 -1.862 -5.883 -0.431 26.295 1.928 791.327 1363.596 572.269 6.0 0.146 1.179 0.458 -3.644 -1511.143 315.949 3.77 131.564 422.484 -11.73 232.666 -0.063 -8.552 -13.631 -18.972 -205.792 2.0 327.0 52.0 107.865 -7.42 0.0 0.06 3.227 -26.214 -21.2 0.0 0.0 -0.01 -0.438 0.354 3.536 c.11.105
SCORE: -591.718 14.059 -1.81 -5.338 -0.403 41.764 3.154 781.976 1324.214 542.238 14.0 0.146 1.219 0.455 -3.665 -1498.437 319.676 4.125 134.898 417.835 -11.295 229.638 -0.101 -12.014 -12.676 -17.848 -207.104 3.0 327.0 52.0 112.696 -5.759 0.0 -0.232 3.185 -25.591 -21.2 0.0 0.0 -0.537 -22.534 1.046 10.456 c.11.106
SCORE: -566.55 14.619 -1.733 -20.627 -1.345 -13.828 -0.902 915.57 1533.125 617.555 13.0 0.146 1.214 0.458 -3.676 -1500.7 302.801 3.667 136.722 418.318 -11.842 275.442 -0.0 -8.548 -12.949 -15.169 -207.451 0.0 327.0 57.0 108.047 -7.716 0.0 -1.211 3.384 -27.498 -21.2 0.0 0.0 -1.359 -63.884 -0.513 -5.133 c.11.107
SCORE: -560.185 14.122 -1.713 -22.486 -1.43 2.53 0.161 932.445 1572.836 640.392 17.0 0.146 1.185 0.46 -3.638 -1506.906 317.286 3.588 132.713 425.175 -11.24 274.555 -2.185 -9.104 -12.771 -20.793 -206.521 5.0 327.0 54.0 107.749 -7.252 0.0 -0.762 3.126 -26.743 -21.2 0.0 0.0 -0.762 -33.521 -0.76 -7.603 c.11.108
SCORE: -82.237 13.257 -0.251 163.814 11.582 314.36 22.227 935.321 1414.34 479.02 18.0 0.148 1.229 0.447 -3.67 -1607.011 386.884 4.37 133.364 459.82 -12.538 744.545 0.0 -8.59 -13.754 -18.625 -206.104 0.0 327.0 54.0 109.157 -6.327 0.0 5.657 3.008 -27.391 -21.2 0.0 0.0 3.532 155.425 15.005 150.052 c.11.109
SCORE: -661.553 14.028 -2.023 -20.972 -1.558 -6.873 -0.511 809.553 1346.037 536.484 7.0 0.146 1.204 0.458 -3.658 -1502.982 301.261 4.014 133.967 419.435 -11.834 188.113 0.147 -7.868 -13.275 -18.201 -206.753 1.0 327.0 57.0 107.126 -7.318 0.0 -1.022 3.186 -27.373 -21.2 0.0 0.0 -1.044 -49.077 -0.918 -9.183 c.11.11
SCORE: -653.607 13.158 -1.999 -18.607 -1.316 -9.56 -0.676 957.261 1414.428 457.167 7.0 0.146 1.197 0.462 -3.66 -1486.795 301.541 3.904 131.406 412.497 -11.444 189.997 0.254 -7.611 -13.364 -20.562 -206.496 2.0 327.0 55.0 106.968 -6.166 0.0 -0.96 3.226 -27.654 -21.2 0.0 0.0 -1.006 -45.257 -0.757 -7.565 c.11.12
SCORE: -651.263 13.194 -1.992 -12.91 -0.901 -13.9 -0.97 906.512 1432.543 526.031 15.0 0.146 1.202 0.454 -3.657 -1483.115 301.785 3.99 130.877 416.765 -11.104 186.874 0.294 -10.614 -13.549 -17.966 -206.99 3.0 327.0 52.0 107.559 -8.491 0.0 -0.943 3.221 -27.45 -21.2 0.0 0.0 -1.031 -43.313 -0.573 -5.734 c.11.13
SCORE: -659.243 14.243 -2.016 -21.285 -1.513 -10.016 -0.712 916.034 1407.102 491.068 10.0 0.146 1.159 0.456 -3.63 -1490.426 305.416 3.965 131.602 418.829 -11.614 180.076 0.635 -13.261 -12.743 -21.262 -205.954 4.0 327.0 57.0 108.911 -5.765 0.0 -1.261 3.252 -27.201 -21.2 0.0 0.0 -1.458 -68.524 -0.337 -3.369 c.11.14
SCORE: -652.054 13.114 -1.994 -13.465 -1.065 -7.079 -0.56 782.075 1264.265 482.19 16.0 0.146 1.19 0.46 -3.66 -1480.125 300.284 3.674 130.805 410.86 -11.92 190.263 0.554 -10.112 -12.959 -18.387 -206.291 3.0 327.0 48.0 107.156 -7.23 0.0 -0.856 3.208 -28.216 -21.2 0.0 0.0 -0.92 -34.964 -0.615 -6.147 c.11.15
SCORE: -653.668 13.486 -1.999 -15.849 -1.191 -6.876 -0.517 828.511 1330.337 501.826 11.0 0.146 1.194 0.46 -3.652 -1493.758 303.352 4.15 132.746 415.681 -11.843 188.905 0.405 -6.545 -13.246 -21.27 -206.573 2.0 327.0 56.0 109.978 -7.675 0.0 -0.968 3.114 -27.633 -21.2 0.0 0.0 -1.016 -46.734 -0.748 -7.477 c.11.16
SCORE: -643.333 12.875 -1.967 -9.67 -0.716 -6.526 -0.483 805.458 1349.783 544.325 10.0 0.146 1.188 0.46 -3.648 -1487.584 300.778 3.862 130.732 407.712 -12.265 204.223 0.597 -8.539 -13.749 -19.23 -206.501 3.0 327.0 45.0 111.268 -6.583 0.0 -0.75 3.211 -27.611 -21.2 0.0 0.0 -0.928 -32.472 -0.127 -1.265 c.11.17
SCORE: -650.277 13.474 -1.989 -15.54 -1.154 -3.111 -0.231 824.671 1347.219 522.548 6.0 0.146 1.208 0.461 -3.678 -1488.595 299.317 3.71 132.051 411.719 -11.706 199.133 0.524 -10.753 -13.105 -17.62 -206.491 1.0 327.0 59.0 108.338 -8.404 0.0 -0.873 3.194 -28.002 -21.2 0.0 0.0 -0.857 -42.015 -0.947 -9.471 c.11.18
SCORE: -654.104 14.405 -2.0 -13.983 -1.02 -11.176 -0.815 902.08 1371.473 469.392 15.0 0.146 1.174 0.456 -3.651 -1486.518 301.29 3.981 131.485 415.462 -11.855 188.629 0.041 -7.882 -13.078 -23.509 -206.598 1.0 327.0 54.0 107.842 -6.838 0.0 -0.943 3.153 -26.596 -21.2 0.0 0.0 -0.998 -43.896 -0.705 -7.051 c.11.19
SCORE: -666.607 13.6 -2.039 -18.151 -1.182 -16.005 -1.042 891.644 1535.31 643.666 10.0 0.146 1.208 0.46 -3.669 -1494.002 298.516 3.834 131.781 421.857 -11.714 177.556 0.165 -12.042 -13.777 -17.947 -206.798 3.0 327.0 53.0 110.489 -7.491 0.0 -1.009 3.213 -27.026 -21.2 0.0 0.0 -1.203 -51.709 -0.179 -1.794 c.11.2
SCORE: -653.451 14.081 -1.998 -21.315 -1.466 -6.295 -0.433 929.955 1454.136 524.181 7.0 0.146 1.21 0.458 -3.678 -1497.428 300.192 4.101 133.703 416.211 -12.446 193.579 -0.0 -8.728 -13.301 -17.358 -206.701 0.0 327.0 62.0 108.698 -6.578 0.0 -0.952 3.179 -27.51 -21.2 0.0 0.0 -1.019 -53.007 -0.603 -6.03 c.11.20
SCORE: -647.87 13.914 -1.981 -17.15 -1.287 -6.598 -0.495 936.928 1332.766 395.838 12.0 0.145 1.209 0.46 -3.676 -1491.586 303.326 3.957 132.175 411.262 -11.478 200.072 -0.0 -8.585 -13.165 -22.307 -206.813 0.0 327.0 55.0 110.482 -7.55 0.0 -0.906 3.181 -27.779 -21.2 0.0 0.0 -0.934 -42.05 -0.776 -7.764 c.11.21
SCORE: -651.546 13.432 -1.992 -17.167 -1.189 -7.04 -0.488 897.898 1443.391 545.493 8.0 0.147 1.184 0.453 -3.635 -1488.24 302.902 4.119 130.692 415.351 -11.575 188.57 0.381 -7.279 -13.656 -19.74 -206.4 2.0 327.0 50.0 108.216 -6.724 0.0 -0.906 3.209 -27.941 -21.2 0.0 0.0 -0.916 -36.628 -0.869 -8.694 c.11.22
SCORE: -638.069 12.969 -1.951 -9.609 -0.726 1.314 0.099 858.752 1323.14 464.388 14.0 0.147 1.195 0.456 -3.648 -1500.178 301.587 4.003 130.826 416.151 -11.301 213.356 -2.337 -9.593 -13.175 -17.359 -206.608 3.0 327.0 53.0 108.303 -6.778 0.0 -0.627 3.304 -27.555 -21.2 0.0 0.0 -0.752 -32.339 -0.089 -0.885 c.11.23
SCORE: -649.921 13.838 -1.988 -17.689 -1.277 -13.84 -0.999 921.607 1385.49 463.883 8.0 0.146 1.18 0.461 -3.648 -1489.998 302.147 4.093 131.954 416.519 -11.959 189.646 0.194 -11.336 -13.205 -16.952 -206.291 2.0 327.0 54.0 110.158 -7.13 0.0 -1.064 3.194 -27.702 -21.2 0.0 0.0 -1.206 -53.047 -0.443 -4.431 c.11.24
SCORE: -650.616 13.324 -1.99 -16.501 -1.212 -4.153 -0.305 860.386 1361.047 500.661 9.0 0.146 1.188 0.459 -3.66 -1490.535 301.113 3.887 131.82 412.82 -11.91 198.177 0.588 -10.201 -13.174 -18.38 -206.489 2.0 327.0 59.0 107.054 -6.803 0.0 -0.86 3.179 -28.106 -21.2 0.0 0.0 -0.899 -44.064 -0.67 -6.701 c.11.25
SCORE: -652.946 14.135 -1.997 -21.073 -1.583 -7.35 -0.552 874.78 1331.53 456.75 7.0 0.146 1.181 0.46 -3.645 -1497.784 301.521 3.88 132.18 416.685 -11.537 198.099 0.475 -11.506 -13.343 -17.663 -206.583 3.0 327.0 58.0 108.106 -7.538 0.0 -1.062 3.187 -27.592 -21.2 0.0 0.0 -1.078 -51.755 -0.981 -9.813 c.11.26
SCORE: -647.277 14.146 -1.979 -20.542 -1.292 -14.641 -0.921 947.32 1589.309 641.989 8.0 0.146 1.195 0.46 -3.659 -1485.503 302.123 3.821 136.014 412.18 -11.446 188.196 0.082 -8.079 -13.121 -21.424 -206.1 1.0 327.0 60.0 111.632 -6.918 0.0 -1.01 3.232 -28.826 -21.2 0.0 0.0 -1.19 -59.523 -0.108 -1.077 c.11.27
SCORE: -651.095 13.833 -1.991 -20.092 -1.502 -15.891 -1.188 866.395 1337.989 471.594 12.0 0.146 1.202 0.46 -3.66 -1491.446 298.818 3.691 132.423 412.678 -11.506 195.924 0.133 -9.744 -13.108 -17.836 -206.788 2.0 327.0 55.0 109.942 -6.547 0.0 -1.024 3.21 -27.754 -21.2 0.0 0.0 -1.105 -49.743 -0.658 -6.581 c.11.28
SCORE: -653.467 14.0 -1.998 -21.547 -1.431 -9.482 -0.63 1019.9 1505.808 485.908 11.0 0.146 1.188 0.457 -3.654 -1494.863 303.063 3.832 131.461 412.454 -12.351 201.866 0.515 -10.812 -14.067 -20.532 -206.807 4.0 327.0 59.0 107.041 -7.151 0.0 -1.256 3.205 -26.74 -21.2 0.0 0.0 -1.341 -65.708 -0.841 -8.406 c.11.29
SCORE: -664.08 14.075 -2.031 -19.301 -1.428 -14.137 -1.046 914.658 1351.795 437.137 9.0 0.146 1.21 0.455 -3.672 -1494.225 295.62 4.115 132.141 416.573 -11.586 186.41 0.067 -8.757 -13.336 -18.19 -206.675 1.0 327.0 57.0 108.979 -7.488 0.0 -1.204 3.221 -27.819 -21.2 0.0 0.0 -1.235 -58.036 -1.057 -10.573 c.11.3
SCORE: -654.755 13.707 -2.002 -18.834 -1.206 -13.104 -0.839 1037.682 1561.456 523.774 7.0 0.146 1.232 0.459 -3.691 -1480.124 298.255 3.683 131.867 411.249 -11.261 183.95 0.259 -8.33 -12.98 -19.823 -206.419 2.0 327.0 51.0 109.848 -7.779 0.0 -1.054 3.181 -27.019 -21.2 0.0 0.0 -1.218 -49.954 -0.382 -3.82 c.11.30
SCORE: -649.924 13.762 -1.988 -16.021 -1.184 -9.067 -0.67 755.981 1352.855 596.874 13.0 0.147 1.199 0.456 -3.653 -1485.045 301.1 3.958 130.723 415.662 -11.226 193.87 0.524 -13.984 -13.07 -17.96 -205.817 3.0 327.0 61.0 107.562 -8.129 0.0 -1.126 3.235 -27.751 -21.2 0.0 0.0 -1.145 -58.379 -1.032 -10.317 c.11.31
SCORE: -637.066 14.341 -1.948 -17.643 -1.315 -1.433 -0.107 892.69 1341.275 448.584 14.0 0.146 1.223 0.461 -3.688 -1498.203 304.635 4.007 132.065 418.008 -11.034 205.522 1.712 -9.696 -13.312 -17.958 -206.733 3.0 327.0 57.0 110.236 -7.003 0.0 -0.938 3.185 -27.728 -21.2 0.0 0.0 -1.046 -49.142 -0.435 -4.352 c.11.32
SCORE: -649.71 13.222 -1.987 -18.876 -1.44 -4.161 -0.317 792.223 1310.908 518.685 7.0 0.146 1.176 0.459 -3.652 -1497.433 304.64 3.607 131.52 415.752 -11.712 200.447 0.922 -8.948 -13.173 -21.044 -206.435 3.0 327.0 56.0 108.413 -7.668 0.0 -0.84 3.139 -27.744 -21.2 0.0 0.0 -0.797 -36.659 -1.039 -10.393 c.11.33
SCORE: -645.613 13.9 -1.974 -17.134 -1.238 -4.857 -0.351 870.442 1384.528 514.086 8.0 0.149 1.212 0.441 -3.634 -1492.415 299.798 3.809 131.584 412.797 -11.416 206.318 0.936 -12.31 -13.271 -18.197 -206.513 3.0 327.0 52.0 110.009 -8.251 0.0 -1.024 3.201 -27.723 -21.2 0.0 0.0 -1.087 -45.667 -0.759 -7.594 c.11.34
SCORE: -642.506 13.459 -1.965 -16.192 -1.115 -7.043 -0.485 928.471 1452.775 524.304 12.0 0.146 1.185 0.463 -3.652 -1494.668 302.474 4.02 131.802 414.8 -11.147 203.605 0.448 -7.973 -13.3 -20.266 -206.592 2.0 327.0 51.0 110.659 -8.321 0.0 -0.955 3.225 -27.766 -21.2 0.0 0.0 -1.002 -41.074 -0.763 -7.633 c.11.35
SCORE: -649.298 13.5 -1.986 -16.634 -1.087 -2.883 -0.188 928.713 1530.577 601.864 10.0 0.146 1.195 0.459 -3.656 -1494.443 300.016 3.853 133.362 415.207 -12.316 200.082 1.191 -9.238 -13.884 -18.957 -206.677 3.0 327.0 59.0 107.784 -6.431 0.0 -0.923 3.291 -27.89 -21.2 0.0 0.0 -1.005 -49.246 -0.52 -5.196 c.11.36
SCORE: -647.381 13.421 -1.98 -22.574 -1.463 -19.394 -1.257 978.514 1543.283 564.77 7.0 0.146 1.183 0.46 -3.65 -1490.807 307.782 3.976 131.78 417.917 -10.595 189.365 0.32 -10.38 -14.073 -19.887 -205.865 4.0 327.0 54.0 108.858 -7.761 0.0 -0.882 3.181 -27.81 -21.2 0.0 0.0 -0.916 -40.29 -0.733 -7.327 c.11.37
SCORE: -653.805 14.0 -1.999 -16.266 -1.209 -9.882 -0.734 944.113 1345.956 401.843 14.0 0.146 1.187 0.459 -3.663 -1491.291 297.043 3.936 131.918 412.274 -11.168 193.878 0.148 -9.408 -13.035 -18.029 -206.713 1.0 327.0 55.0 110.505 -6.525 0.0 -0.943 3.168 -27.287 -21.2 0.0 0.0 -1.035 -46.555 -0.532 -5.32 c.11.38
SCORE: -650.245 13.444 -1.989 -20.051 -1.38 -8.243 -0.567 864.188 1452.796 588.608 13.0 0.147 1.214 0.455 -3.671 -1494.213 298.471 3.678 131.63 416.261 -11.14 198.708 0.637 -10.998 -13.166 -19.621 -206.708 3.0 327.0 56.0 110.904 -6.648 0.0 -0.904 3.203 -27.551 -21.2 0.0 0.0 -0.942 -43.34 -0.731 -7.31 c.11.39
SCORE: -657.21 14.1 -2.01 -19.953 -1.463 -12.284 -0.901 853.085 1363.835 510.749 7.0 0.144 1.143 0.465 -3.582 -1495.404 300.976 3.899 131.675 416.623 -11.677 188.99 0.172 -10.376 -14.048 -16.625 -206.598 3.0 327.0 59.0 110.311 -7.674 0.0 -0.92 3.189 -27.439 -21.2 0.0 0.0 -0.949 -46.484 -0.779 -7.785 c.11.4
SCORE: -651.274 14.535 -1.992 -19.704 -1.378 -12.339 -0.863 841.939 1430.301 588.362 13.0 0.146 1.181 0.461 -3.646 -1490.195 300.946 3.989 132.222 414.95 -11.723 199.182 0.594 -12.139 -12.916 -22.015 -206.262 5.0 327.0 52.0 108.816 -8.394 0.0 -1.094 3.163 -27.842 -21.2 0.0 0.0 -1.187 -49.846 -0.702 -7.02 c.11.40
SCORE: -650.03 13.359 -1.988 -13.688 -0.973 -12.794 -0.909 829.81 1407.215 577.405 9.0 0.145 1.185 0.459 -3.653 -1487.983 299.944 3.751 130.34 420.412 -11.18 189.479 0.127 -9.068 -14.438 -19.035 -206.756 2.0 327.0 56.0 109.22 -7.293 0.0 -1.028 3.203 -27.563 -21.2 0.0 0.0 -1.101 -50.628 -0.693 -6.925 c.11.41
SCORE: -642.734 13.622 -1.966 -15.185 -1.107 -1.531 -0.112 939.007 1372.08 433.074 7.0 0.148 1.213 0.445 -3.653 -1489.158 301.735 3.788 131.201 412.7 -11.407 197.964 0.686 -9.659 -13.207 -18.097 -206.61 1.0 327.0 52.0 112.367 -6.794 0.0 -0.655 3.237 -27.746 -21.2 0.0 0.0 -0.734 -30.833 -0.325 -3.251 c.11.42
SCORE: -650.655 14.75 -1.99 -18.913 -1.396 -9.402 -0.694 836.234 1355.273 519.039 14.0 0.146 1.203 0.459 -3.662 -1498.492 303.514 3.969 131.345 418.667 -11.371 198.686 0.299 -11.019 -13.088 -19.351 -206.671 3.0 327.0 57.0 108.005 -7.574 0.0 -1.094 3.181 -27.403 -21.2 0.0 0.0 -1.165 -54.737 -0.764 -7.643 c.11.43
SCORE: -646.377 13.528 -1.977 -14.363 -1.011 -1.365 -0.096 938.686 1420.078 481.392 10.0 0.146 1.215 0.463 -3.68 -1495.535 301.368 3.882 131.729 417.177 -11.224 201.547 1.086 -10.139 -13.206 -18.772 -205.922 1.0 327.0 59.0 109.631 -8.615 0.0 -0.793 3.172 -28.415 -21.2 0.0 0.0 -0.805 -39.427 -0.735 -7.345 c.11.44
SCORE: -637.889 12.824 -1.951 -3.926 -0.278 6.478 0.458 823.444 1413.711 590.268 13.0 0.146 1.224 0.456 -3.684 -1490.163 298.872 4.12 130.585 418.788 -11.535 204.993 -0.198 -9.83 -13.077 -16.884 -206.553 1.0 327.0 52.0 107.953 -7.948 0.0 -0.483 3.179 -27.33 -21.2 0.0 0.0 -0.509 -21.366 -0.377 -3.769 c.11.45
SCORE: -638.585 13.744 -1.953 -15.261 -1.054 -2.589 -0.179 847.461 1448.162 600.701 13.0 0.146 1.186 0.462 -3.639 -1492.084 310.056 4.001 131.382 418.549 -11.216 197.874 0.887 -10.507 -12.893 -19.671 -205.796 2.0 327.0 56.0 108.109 -8.271 0.0 -0.916 3.143 -28.215 -21.2 0.0 0.0 -0.941 -43.302 -0.801 -8.014 c.11.46
SCORE: -638.561 13.923 -1.953 -14.148 -1.05 3.307 0.245 896.695 1347.372 450.677 14.0 0.146 1.183 0.459 -3.65 -1500.288 305.313 4.172 132.091 420.802 -11.609 205.624 -1.559 -9.729 -12.994 -21.176 -206.676 4.0 327.0 57.0 109.874 -6.294 0.0 -0.668 3.211 -27.818 -21.2 0.0 0.0 -0.788 -37.017 -0.104 -1.039 c.11.47
SCORE: -644.738 13.086 -1.972 -14.585 -1.006 -9.026 -0.622 970.881 1450.306 479.424 6.0 0.146 1.203 0.462 -3.675 -1479.85 303.612 3.889 131.422 410.681 -10.776 188.172 0.166 -8.062 -13.085 -18.788 -206.41 1.0 327.0 49.0 108.238 -6.224 0.0 -0.858 3.195 -27.687 -21.2 0.0 0.0 -1.018 -39.704 -0.233 -2.334 c.11.48
SCORE: -646.689 13.108 -1.978 -16.413 -1.137 -9.433 -0.654 865.959 1442.879 576.92 7.0 0.146 1.18 0.46 -3.643 -1478.189 301.789 3.948 131.214 409.158 -10.858 188.366 0.195 -7.892 -12.991 -18.966 -206.709 1.0 327.0 49.0 107.624 -6.547 0.0 -0.995 3.175 -26.753 -21.2 0.0 0.0 -1.103 -43.005 -0.577 -5.766 c.11.49
SCORE: -659.206 14.081 -2.016 -19.446 -1.471 -14.682 -1.111 963.738 1321.864 358.126 4.0 0.146 1.213 0.457 -3.683 -1484.373 298.778 4.094 131.862 409.857 -11.775 186.326 0.244 -10.205 -13.883 -18.666 -206.661 2.0 327.0 52.0 110.873 -7.219 0.0 -1.115 3.174 -28.323 -21.2 0.0 0.0 -1.223 -51.376 -0.658 -6.583 c.11.5
SCORE: -647.755 13.389 -1.981 -19.25 -1.257 -10.31 -0.673 946.205 1530.968 584.763 6.0 0.147 1.257 0.451 -3.681 -1496.22 301.714 3.88 132.669 423.321 -11.709 196.199 0.31 -9.225 -13.255 -20.412 -207.833 3.0 327.0 51.0 107.395 -7.022 0.0 -1.003 3.234 -27.467 -21.2 0.0 0.0 -0.96 -39.351 -1.179 -11.794 c.11.50
SCORE: -631.92 13.189 -1.932 -6.758 -0.48 11.502 0.816 848.739 1409.291 560.552 9.0 0.146 1.219 0.453 -3.682 -1493.983 301.633 4.129 132.011 414.458 -11.654 212.409 -0.248 -7.448 -14.066 -18.394 -206.489 2.0 327.0 57.0 109.836 -7.204 0.0 -0.59 3.224 -27.317 -21.2 0.0 0.0 -0.684 -32.165 -0.148 -1.485 c.11.51
SCORE: -642.878 12.969 -1.966 -17.104 -1.373 -3.358 -0.269 857.558 1246.146 388.588 14.0 0.146 1.173 0.457 -3.637 -1499.963 301.602 3.74 130.922 415.342 -10.994 205.358 0.562 -9.969 -13.481 -16.944 -206.272 3.0 327.0 52.0 109.579 -5.171 0.0 -0.678 3.475 -27.042 -21.2 0.0 0.0 -0.776 -32.604 -0.264 -2.644 c.11.52
SCORE: -640.396 14.341 -1.958 -12.404 -0.828 4.871 0.325 814.939 1497.658 682.719 15.0 0.146 1.224 0.459 -3.687 -1496.11 305.291 3.901 130.56 421.994 -11.867 201.159 -0.182 -9.391 -13.171 -19.325 -207.419 1.0 327.0 65.0 107.871 -7.351 0.0 -0.988 3.385 -26.864 -21.2 0.0 0.0 -1.094 -60.18 -0.403 -4.028 c.11.53
SCORE: -647.409 14.025 -1.98 -18.474 -1.294 -9.399 -0.658 858.732 1427.697 568.964 10.0 0.146 1.19 0.458 -3.654 -1496.701 302.171 3.703 133.875 416.953 -11.751 199.881 0.071 -8.175 -13.236 -19.755 -206.679 1.0 327.0 56.0 107.195 -7.512 0.0 -0.997 3.114 -27.435 -21.2 0.0 0.0 -1.026 -47.201 -0.861 -8.606 c.11.54
SCORE: -638.737 13.088 -1.953 -12.554 -0.923 -4.288 -0.315 780.393 1359.486 579.093 22.0 0.147 1.292 0.46 -3.699 -1494.567 304.698 4.155 131.23 423.61 -11.266 198.907 0.448 -8.788 -13.104 -19.821 -205.822 2.0 327.0 55.0 107.571 -8.062 0.0 -0.82 3.128 -27.604 -21.2 0.0 0.0 -0.927 -41.712 -0.337 -3.368 c.11.55
SCORE: -643.669 14.308 -1.968 -21.714 -1.607 -9.749 -0.721 899.839 1351.236 451.397 13.0 0.146 1.185 0.457 -3.655 -1502.392 305.463 3.974 133.9 419.39 -11.203 198.255 0.098 -8.232 -13.103 -18.498 -206.845 1.0 327.0 57.0 109.785 -6.536 0.0 -0.979 3.15 -27.71 -21.2 0.0 0.0 -1.041 -48.907 -0.689 -6.89 c.11.56
SCORE: -643.923 13.152 -1.969 -16.418 -1.153 -7.899 -0.555 909.115 1423.461 514.346 6.0 0.146 1.206 0.456 -3.675 -1486.607 303.895 3.744 131.617 410.002 -11.978 197.834 -0.0 -8.559 -12.929 -17.505 -207.552 0.0 327.0 49.0 107.51 -6.87 0.0 -1.047 3.23 -26.689 -21.2 0.0 0.0 -1.118 -43.607 -0.771 -7.709 c.11.57
SCORE: -647.836 12.765 -1.981 -19.637 -1.302 -10.82 -0.717 944.049 1508.759 564.711 12.0 0.146 1.209 0.456 -3.674 -1500.245 299.198 3.706 131.86 423.332 -11.542 197.489 0.2 -7.316 -12.546 -20.039 -207.292 2.0 327.0 53.0 109.412 -5.759 0.0 -1.095 3.236 -28.268 -21.2 0.0 0.0 -1.17 -50.293 -0.775 -7.752 c.11.58
SCORE: -638.584 13.897 -1.953 -19.645 -1.448 -3.931 -0.29 745.85 1356.488 610.638 17.0 0.146 1.213 0.459 -3.673 -1501.386 312.052 3.771 131.556 421.469 -11.878 207.741 1.433 -12.766 -13.205 -22.163 -207.044 4.0 327.0 54.0 107.893 -7.073 0.0 -0.944 3.21 -27.707 -21.2 0.0 0.0 -0.986 -43.37 -0.759 -7.593 c.11.59
SCORE: -666.181 14.154 -2.037 -21.727 -1.564 -17.943 -1.292 899.389 1388.848 489.459 10.0 0.146 1.198 0.458 -3.65 -1494.002 294.637 3.938 133.63 415.414 -12.145 184.172 0.054 -8.022 -13.107 -19.645 -206.792 1.0 327.0 57.0 109.966 -6.555 0.0 -1.088 3.137 -27.762 -21.2 0.0 0.0 -1.179 -55.411 -0.66 -6.6 c.11.6
SCORE: -641.573 13.515 -1.962 -18.679 -1.499 -10.096 -0.81 845.424 1245.862 400.438 5.0 0.146 1.214 0.458 -3.686 -1494.078 302.809 4.105 131.483 412.446 -11.675 202.955 0.115 -9.367 -13.31 -16.974 -205.595 1.0 327.0 54.0 111.003 -6.989 0.0 -0.96 3.315 -28.633 -21.2 0.0 0.0 -1.042 -45.867 -0.598 -5.978 c.11.60
SCORE: -630.415 13.405 -1.928 -10.208 -0.706 -2.78 -0.192 781.266 1446.293 665.027 15.0 0.145 1.18 0.461 -3.646 -1501.594 308.49 4.142 132.95 426.029 -11.83 205.47 0.397 -8.646 -13.613 -18.497 -206.663 1.0 327.0 52.0 107.078 -6.449 0.0 -0.766 3.355 -27.578 -21.2 0.0 0.0 -0.913 -38.335 -0.15 -1.503 c.11.61
SCORE: -641.548 13.121 -1.962 -16.169 -1.258 -10.016 -0.779 797.343 1285.368 488.025 7.0 0.146 1.236 0.458 -3.686 -1496.998 302.562 4.08 130.644 415.803 -12.249 202.465 0.404 -9.418 -13.401 -18.744 -206.047 3.0 327.0 52.0 113.024 -6.298 0.0 -0.704 3.189 -27.112 -21.2 0.0 0.0 -0.966 -40.56 0.396 3.958 c.11.62
SCORE: -644.222 12.364 -1.97 -17.628 -1.305 -7.411 -0.549 821.741 1350.977 529.236 7.0 0.147 1.192 0.454 -3.66 -1499.228 302.208 3.712 130.358 414.142 -12.576 207.084 0.285 -8.807 -13.517 -17.401 -206.741 3.0 327.0 45.0 110.022 -6.939 0.0 -0.738 3.402 -26.873 -21.2 0.0 0.0 -0.745 -26.09 -0.711 -7.106 c.11.63
SCORE: -636.214 13.2 -1.946 -12.424 -0.843 6.456 0.438 962.763 1473.731 510.968 16.0 0.146 1.185 0.462 -3.652 -1492.345 305.062 3.756 131.343 411.029 -12.202 210.838 0.0 -8.553 -13.227 -18.162 -206.558 0.0 327.0 55.0 107.718 -7.049 0.0 -0.68 3.181 -27.985 -21.2 0.0 0.0 -0.725 -32.61 -0.478 -4.783 c.11.64
SCORE: -643.592 13.639 -1.968 -16.774 -1.166 1.069 0.074 955.755 1438.307 482.552 14.0 0.146 1.17 0.458 -3.636 -1497.736 303.899 3.893 131.774 418.378 -11.155 202.207 -1.404 -10.118 -13.071 -18.565 -205.924 1.0 327.0 58.0 108.194 -7.291 0.0 -0.838 3.207 -28.222 -21.2 0.0 0.0 -0.889 -42.652 -0.597 -5.966 c.11.65
SCORE: -633.873 14.0 -1.938 -18.2 -1.251 6.635 0.456 869.351 1455.022 585.671 9.0 0.146 1.179 0.461 -3.646 -1493.352 309.652 4.092 131.583 413.14 -11.481 210.911 -0.803 -10.181 -13.175 -21.537 -206.456 4.0 327.0 53.0 108.871 -8.114 0.0 -0.629 3.181 -27.946 -21.2 0.0 0.0 -0.546 -23.471 -0.989 -9.892 c.11.66
SCORE: -639.618 13.784 -1.956 -15.614 -1.141 0.615 0.045 866.838 1367.92 501.081 11.0 0.146 1.199 0.459 -3.65 -1497.642 301.129 3.684 132.015 415.723 -10.958 208.137 -1.176 -8.255 -13.172 -18.582 -206.632 1.0 327.0 56.0 109.316 -7.63 0.0 -0.743 3.192 -26.897 -21.2 0.0 0.0 -0.762 -35.041 -0.656 -6.564 c.11.67
SCORE: -640.633 12.967 -1.959 -15.901 -1.199 -6.939 -0.523 857.187 1325.745 468.558 9.0 0.146 1.23 0.458 -3.681 -1489.531 302.093 4.343 131.654 415.996 -11.498 200.101 0.272 -8.537 -12.125 -20.854 -207.122 2.0 327.0 46.0 108.389 -6.96 0.0 -1.205 3.353 -26.887 -21.2 0.0 0.0 -1.315 -47.326 -0.81 -8.104 c.11.68
SCORE: -618.711 13.135 -1.892 -0.819 -0.065 21.062 1.674 782.502 1257.9 475.397 11.0 0.146 1.212 0.457 -3.676 -1499.922 304.124 4.092 130.998 417.676 -11.097 229.535 -0.131 -7.899 -13.496 -21.019 -206.469 3.0 327.0 54.0 110.387 -8.115 0.0 -0.328 3.17 -27.616 -21.2 0.0 0.0 -0.404 -17.755 0.003 0.026 c.11.69
SCORE: -665.492 13.865 -2.035 -16.969 -1.267 -12.735 -0.951 817.09 1339.396 522.306 9.0 0.146 1.215 0.458 -3.673 -1492.385 298.458 3.882 131.92 414.099 -11.056 185.815 0.35 -9.127 -13.361 -20.528 -206.337 3.0 327.0 53.0 107.711 -7.359 0.0 -1.025 3.153 -27.322 -21.2 0.0 0.0 -1.062 -45.658 -0.864 -8.644 c.11.7
SCORE: -638.01 13.0 -1.951 -20.391 -1.42 -9.174 -0.639 898.969 1436.342 537.373 12.0 0.147 1.192 0.452 -3.647 -1502.262 305.324 3.758 130.831 423.222 -11.608 204.032 0.16 -10.381 -13.28 -17.715 -207.166 2.0 327.0 52.0 109.887 -6.06 0.0 -0.847 3.304 -26.84 -21.2 0.0 0.0 -1.012 -42.494 -0.157 -1.565 c.11.70
SCORE: -640.513 13.658 -1.959 -16.559 -1.232 -1.193 -0.089 846.673 1344.0 497.327 11.0 0.146 1.21 0.458 -3.664 -1498.623 303.044 4.166 132.051 418.293 -11.841 204.816 1.905 -9.103 -13.268 -18.649 -205.938 2.0 327.0 58.0 107.915 -6.12 0.0 -0.744 3.379 -27.584 -21.2 0.0 0.0 -0.912 -43.797 0.065 0.653 c.11.71
SCORE: -642.81 13.028 -1.966 -14.173 -1.027 -4.799 -0.348 881.164 1380.068 498.903 14.0 0.146 1.218 0.462 -3.687 -1491.019 300.747 3.713 132.069 419.535 -11.931 199.267 0.107 -8.557 -13.126 -20.259 -206.451 1.0 327.0 58.0 107.921 -7.913 0.0 -1.0 3.209 -26.953 -21.2 0.0 0.0 -1.137 -54.596 -0.34 -3.4 c.11.72
SCORE: -638.515 13.514 -1.953 -20.504 -1.442 1.105 0.078 801.486 1422.265 620.779 16.0 0.147 1.174 0.458 -3.634 -1506.51 306.097 3.88 131.576 419.55 -10.954 210.396 -4.016 -7.451 -13.389 -20.303 -206.642 4.0 327.0 58.0 109.299 -7.269 0.0 -0.684 3.462 -27.203 -21.2 0.0 0.0 -0.656 -31.487 -0.82 -8.197 c.11.73
SCORE: -640.546 13.647 -1.959 -16.171 -1.148 0.597 0.042 835.083 1408.652 573.569 21.0 0.147 1.225 0.452 -3.684 -1496.32 306.264 3.844 132.889 420.1 -12.816 200.057 -1.881 -7.709 -12.385 -18.942 -207.911 2.0 327.0 53.0 107.153 -7.621 0.0 -1.045 3.233 -27.323 -21.2 0.0 0.0 -1.105 -47.502 -0.791 -7.907 c.11.74
SCORE: -638.563 13.395 -1.953 -18.958 -1.454 -0.785 -0.06 893.715 1303.696 409.981 9.0 0.146 1.201 0.459 -3.665 -1497.176 306.136 3.872 131.796 418.206 -11.222 206.717 4.044 -9.442 -13.466 -21.147 -206.569 2.0 327.0 55.0 107.172 -5.78 0.0 -0.855 3.154 -27.756 -21.2 0.0 0.0 -0.867 -39.013 -0.799 -7.99 c.11.75
SCORE: -628.746 14.154 -1.923 -20.296 -1.417 -0.796 -0.056 923.496 1432.09 508.594 8.0 0.146 1.21 0.456 -3.678 -1493.474 309.74 3.717 133.558 412.66 -11.453 211.56 1.428 -9.999 -13.237 -18.254 -205.777 1.0 327.0 54.0 108.397 -8.771 0.0 -0.864 3.124 -27.47 -21.2 0.0 0.0 -0.919 -40.435 -0.621 -6.214 c.11.76
SCORE: -627.742 13.703 -1.92 -17.884 -1.291 2.366 0.171 916.107 1385.055 468.948 11.0 0.146 1.222 0.459 -3.674 -1501.627 305.765 3.866 131.451 420.399 -10.983 222.871 -1.946 -10.137 -13.215 -19.878 -206.007 3.0 327.0 60.0 107.403 -9.342 0.0 -0.854 3.194 -28.456 -21.2 0.0 0.0 -0.807 -40.363 -1.089 -10.885 c.11.77
SCORE: -636.154 12.788 -1.945 -14.761 -1.135 2.478 0.19 931.017 1300.973 369.956 8.0 0.147 1.162 0.446 -3.603 -1490.325 304.687 3.976 130.898 407.348 -12.296 210.221 0.0 -8.614 -13.062 -17.513 -206.355 0.0 327.0 54.0 108.383 -7.645 0.0 -0.686 3.394 -26.203 -21.2 0.0 0.0 -0.815 -35.854 -0.118 -1.18 c.11.78
SCORE: -636.25 12.861 -1.946 -21.581 -1.464 -9.212 -0.625 883.105 1474.478 591.373 14.0 0.146 1.225 0.459 -3.677 -1507.338 306.956 4.084 130.696 426.436 -11.799 207.245 0.309 -11.454 -13.416 -18.046 -206.103 3.0 327.0 53.0 109.688 -6.432 0.0 -0.784 3.226 -26.946 -21.2 0.0 0.0 -0.931 -40.035 -0.153 -1.533 c.11.79
SCORE: -660.634 14.053 -2.02 -19.914 -1.299 -16.912 -1.103 930.659 1533.133 602.474 8.0 0.146 1.189 0.461 -3.65 -1489.518 300.114 3.88 133.956 414.289 -11.592 181.662 0.141 -9.279 -13.274 -18.486 -206.532 2.0 327.0 55.0 109.029 -6.839 0.0 -1.157 3.126 -28.114 -21.2 0.0 0.0 -1.247 -56.113 -0.751 -7.507 c.11.8
SCORE: -634.754 14.872 -1.941 -18.003 -1.299 -2.729 -0.197 838.032 1385.593 547.561 24.0 0.146 1.185 0.461 -3.639 -1495.738 309.349 4.135 132.527 415.034 -11.471 206.401 1.705 -9.436 -13.04 -20.49 -206.538 4.0 327.0 49.0 107.925 -6.939 0.0 -0.936 3.239 -26.665 -21.2 0.0 0.0 -1.01 -39.4 -0.644 -6.445 c.11.80
SCORE: -628.549 13.789 -1.922 -18.35 -1.316 1.611 0.116 842.452 1394.325 551.873 11.0 0.146 1.202 0.459 -3.67 -1496.82 310.543 3.881 131.862 419.593 -10.846 210.088 -2.827 -12.01 -13.08 -19.01 -205.773 3.0 327.0 54.0 108.737 -8.648 0.0 -0.745 3.179 -27.182 -21.2 0.0 0.0 -0.749 -32.974 -0.723 -7.231 c.11.81
SCORE: -634.79 13.324 -1.941 -11.512 -0.879 -1.739 -0.133 805.542 1309.93 504.388 11.0 0.146 1.162 0.458 -3.627 -1499.989 309.161 3.936 131.128 420.583 -11.252 202.817 1.43 -9.998 -13.482 -19.171 -205.364 2.0 327.0 49.0 109.288 -6.629 0.0 -0.493 3.633 -26.39 -21.2 0.0 0.0 -0.685 -26.715 0.256 2.557 c.11.82
SCORE: -628.489 13.282 -1.922 -19.409 -1.411 12.862 0.935 844.286 1375.812 531.526 7.0 0.146 1.193 0.458 -3.653 -1500.703 305.216 3.769 131.43 413.93 -12.005 222.165 -0.229 -11.497 -13.199 -16.941 -205.798 2.0 327.0 55.0 109.332 -6.753 0.0 -0.597 3.276 -27.654 -21.2 0.0 0.0 -0.551 -24.817 -0.804 -8.043 c.11.83
SCORE: -629.628 13.0 -1.925 -16.082 -1.181 1.906 0.14 864.885 1362.025 497.14 9.0 0.146 1.191 0.458 -3.655 -1498.866 306.609 3.872 130.923 415.506 -11.995 213.045 -0.602 -7.213 -13.727 -17.61 -206.553 1.0 327.0 50.0 110.295 -6.411 0.0 -0.722 3.227 -27.67 -21.2 0.0 0.0 -0.795 -31.797 -0.432 -4.321 c.11.84
SCORE: -637.871 13.206 -1.951 -15.254 -1.181 -0.835 -0.065 821.465 1291.422 469.957 12.0 0.145 1.173 0.463 -3.646 -1502.16 301.817 3.734 131.635 420.156 -12.134 204.994 -0.0 -7.523 -13.119 -17.94 -206.107 0.0 327.0 62.0 113.318 -6.704 0.0 -0.63 3.128 -27.902 -21.2 0.0 0.0 -0.794 -41.275 0.224 2.244 c.11.85
SCORE: -627.542 14.4 -1.919 -21.738 -1.409 -3.683 -0.239 889.091 1543.29 654.2 18.0 0.146 1.207 0.455 -3.659 -1503.128 313.218 4.082 134.804 418.926 -11.438 208.646 0.813 -9.049 -12.848 -18.107 -206.923 3.0 327.0 59.0 108.317 -7.252 0.0 -1.027 3.431 -27.169 -21.2 0.0 0.0 -1.104 -54.092 -0.648 -6.483 c.11.86
SCORE: -627.996 13.459 -1.92 -16.914 -1.337 8.159 0.645 835.053 1265.449 430.396 9.0 0.146 1.181 0.459 -3.649 -1508.163 309.505 3.547 131.397 420.621 -11.255 217.478 -0.265 -8.686 -13.2 -18.796 -206.757 1.0 327.0 54.0 110.941 -7.313 0.0 -0.594 3.133 -27.389 -21.2 0.0 0.0 -0.55 -24.207 -0.786 -7.864 c.11.87
SCORE: -633.288 13.5 -1.937 -11.474 -0.903 6.73 0.529 819.006 1271.271 452.265 8.0 0.146 1.183 0.456 -3.647 -1495.39 306.342 3.979 131.147 413.919 -11.228 206.308 0.0 -8.269 -12.893 -16.9 -206.744 0.0 327.0 46.0 108.887 -7.518 0.0 -0.651 3.209 -25.075 -21.2 0.0 0.0 -0.768 -27.631 -0.231 -2.311 c.11.88
SCORE: -633.708 14.378 -1.938 -20.569 -1.403 -7.889 -0.538 994.903 1465.759 470.855 13.0 0.146 1.213 0.458 -3.676 -1497.592 303.414 3.426 133.983 410.432 -12.28 210.267 0.033 -8.637 -12.13 -15.537 -207.371 1.0 327.0 57.0 109.872 -5.785 0.0 -1.017 3.416 -26.127 -21.2 0.0 0.0 -1.211 -56.905 -0.106 -1.056 c.11.89
SCORE: -652.246 13.675 -1.995 -12.967 -0.915 -8.469 -0.598 794.147 1416.449 622.302 18.0 0.146 1.195 0.458 -3.657 -1492.797 300.537 3.963 130.908 418.559 -11.818 197.499 0.608 -11.244 -13.875 -19.606 -206.437 4.0 327.0 52.0 107.264 -6.937 0.0 -0.916 3.146 -28.352 -21.2 0.0 0.0 -0.977 -41.037 -0.66 -6.597 c.11.9
SCORE: -624.697 13.811 -1.91 -24.368 -1.606 -17.398 -1.147 958.036 1517.33 559.295 5.0 0.145 1.188 0.463 -3.66 -1493.892 297.403 3.942 134.972 416.498 -10.657 221.092 0.485 -10.881 -12.938 -18.312 -206.944 7.0 327.0 53.0 108.888 -6.633 0.0 -1.212 3.203 -27.373 -21.2 0.0 0.0 -1.359 -58.421 -0.579 -5.793 c.11.90
SCORE: -618.713 13.658 -1.892 -5.365 -0.347 22.247 1.441 952.585 1544.094 591.509 9.0 0.146 1.199 0.458 -3.684 -1501.204 311.942 3.898 131.687 413.251 -11.835 228.085 -0.141 -8.546 -13.116 -19.744 -206.48 2.0 327.0 54.0 108.256 -7.729 0.0 -0.278 3.497 -27.593 -21.2 0.0 0.0 -0.335 -14.76 -0.026 -0.26 c.11.91
SCORE: -623.944 14.297 -1.908 -13.214 -1.016 6.619 0.509 823.817 1300.658 476.841 8.0 0.146 1.217 0.461 -3.687 -1488.816 307.859 3.937 134.907 412.072 -12.121 203.883 0.0 -7.633 -12.516 -18.554 -206.8 0.0 327.0 56.0 111.523 -6.575 0.0 -0.872 3.515 -25.563 -21.2 0.0 0.0 -1.121 -51.563 0.275 2.754 c.11.92
SCORE: -620.098 13.389 -1.896 -21.783 -1.565 12.887 0.926 889.774 1391.79 502.016 9.0 0.146 1.185 0.456 -3.641 -1504.491 310.863 3.706 133.008 419.25 -11.921 221.355 -0.382 -12.555 -13.032 -18.881 -206.946 3.0 327.0 59.0 113.503 -7.013 0.0 -0.421 3.623 -27.514 -21.2 0.0 0.0 -0.548 -26.851 0.204 2.038 c.11.93
SCORE: -621.309 13.714 -1.9 -16.119 -1.216 21.241 1.603 803.104 1325.057 521.953 10.0 0.146 1.169 0.458 -3.639 -1504.751 308.322 3.851 131.433 417.091 -10.701 227.941 -0.119 -9.536 -13.311 -18.761 -206.724 2.0 327.0 53.0 108.587 -7.654 0.0 -0.328 3.158 -27.188 -21.2 0.0 0.0 -0.216 -9.276 -0.809 -8.089 c.11.94
SCORE: -621.15 13.432 -1.9 -16.292 -1.236 16.797 1.274 807.541 1318.627 511.086 9.0 0.145 1.221 0.46 -3.684 -1504.321 308.829 3.828 131.722 420.116 -11.798 226.682 -0.193 -11.088 -13.11 -17.98 -206.441 2.0 327.0 55.0 108.826 -8.493 0.0 -0.427 3.183 -28.045 -21.2 0.0 0.0 -0.325 -14.631 -0.884 -8.842 c.11.95
SCORE: -625.167 12.806 -1.912 -19.162 -1.334 -8.041 -0.56 871.352 1436.947 565.595 9.0 0.146 1.203 0.458 -3.662 -1492.381 309.613 3.803 130.959 417.543 -11.44 212.227 0.512 -10.997 -13.573 -19.611 -205.977 3.0 327.0 57.0 109.127 -7.184 0.0 -0.808 3.15 -27.37 -21.2 0.0 0.0 -0.857 -40.27 -0.578 -5.779 c.11.96
SCORE: -626.803 12.469 -1.917 -16.1 -1.161 3.857 0.278 931.963 1386.926 454.963 12.0 0.146 1.177 0.455 -3.621 -1486.371 311.095 4.054 131.958 408.563 -12.074 208.079 -0.248 -8.689 -12.818 -19.503 -206.608 1.0 327.0 46.0 108.232 -7.253 0.0 -0.615 3.23 -25.655 -21.2 0.0 0.0 -0.728 -26.193 -0.208 -2.077 c.11.97
SCORE: -620.64 14.382 -1.898 -17.182 -1.355 -6.375 -0.503 817.557 1267.803 450.246 14.0 0.147 1.206 0.455 -3.674 -1505.839 308.572 3.366 132.761 417.437 -11.976 223.519 -0.0 -8.344 -12.194 -17.619 -207.263 0.0 327.0 54.0 108.137 -5.626 0.0 -0.744 3.148 -25.652 -21.2 0.0 0.0 -0.869 -38.225 -0.195 -1.948 c.11.98
SCORE: -617.779 13.914 -1.889 -12.861 -0.911 14.796 1.048 964.874 1412.415 447.541 10.0 0.147 1.173 0.453 -3.638 -1496.683 312.672 3.706 132.219 412.224 -12.618 223.551 0.0 -10.955 -13.17 -21.285 -206.031 0.0 327.0 61.0 111.627 -6.821 0.0 -0.56 2.949 -26.099 -21.2 0.0 0.0 -0.756 -38.55 0.439 4.385 c.11.99
