SCORE: total_score avg_degree complex_normalized dG_cross dG_cross/dSASAx100 dG_separated dG_separated/dSASAx100 dSASA_hphobic dSASA_int dSASA_polar delta_unsatHbonds dslf_ca_dih dslf_cs_ang dslf_ss_dih dslf_ss_dst fa_atr fa_dun fa_intra_rep fa_mbenv fa_mbsolv fa_pair fa_rep hbond_E_fraction hbond_bb_sc hbond_lr_bb hbond_sc hbond_sr_bb hbonds_int nres_all nres_int omega p_aa_pp packstat per_residue_energy_int pro_close rama ref rmsd sc_value side1_normalized side1_score side2_normalized side2_score description
SCORE: -668.478 15.5 -2.044 -22.895 -1.613 -13.79 -0.971 819.704 1419.759 600.055 12.0 0.147 1.195 0.456 -3.668 -1494.918 303.55 3.513 135.419 412.405 -13.194 183.693 0.316 -11.439 -13.161 -20.123 -206.714 5.0 327.0 55.0 107.587 -6.942 0.0 -1.363 2.898 -27.981 -21.2 0.0 0.0 -1.352 -60.836 -1.416 -14.155 c.19.1
SCORE: -608.256 16.512 -1.86 9.733 0.646 29.486 1.957 842.062 1506.845 664.783 27.0 0.151 1.276 0.439 -3.657 -1501.691 302.584 3.399 141.29 410.787 -11.548 239.44 -0.089 -8.746 -14.893 -17.04 -206.662 4.0 327.0 62.0 107.964 -6.17 0.0 -0.986 2.965 -26.943 -21.2 0.0 0.0 -1.5 -77.988 1.685 16.852 c.19.10
SCORE: -576.394 16.805 -1.763 -30.012 -1.996 47.154 3.136 906.402 1503.696 597.293 32.0 0.146 1.201 0.45 -3.651 -1515.38 329.925 3.293 144.472 413.59 -12.186 253.257 -0.114 -8.866 -13.737 -21.099 -206.501 4.0 327.0 70.0 110.759 -6.334 0.0 -0.784 2.938 -27.472 -21.2 0.0 0.0 -0.98 -58.817 0.394 3.94 c.19.100
SCORE: -583.057 14.927 -1.783 -8.308 -0.58 34.197 2.387 918.026 1432.926 514.9 29.0 0.147 1.202 0.457 -3.668 -1510.377 325.838 3.173 136.186 418.494 -12.539 242.062 -0.019 -7.943 -14.785 -17.644 -206.074 1.0 327.0 60.0 113.2 -5.522 0.0 -0.193 3.114 -27.178 -21.2 0.0 0.0 -0.688 -34.402 2.283 22.832 c.19.101
SCORE: -541.746 14.361 -1.657 -11.729 -0.825 73.437 5.163 836.222 1422.5 586.279 23.0 0.147 1.223 0.457 -3.674 -1512.777 329.464 4.94 137.162 416.537 -12.352 277.899 -0.039 -8.045 -12.339 -17.298 -206.834 3.0 327.0 61.0 112.356 -6.102 0.0 0.368 3.114 -24.425 -21.2 0.0 0.0 -0.152 -7.728 3.017 30.168 c.19.102
SCORE: -565.727 15.351 -1.73 -20.051 -1.38 1.07 0.074 903.378 1453.039 549.661 20.0 0.147 1.201 0.451 -3.679 -1521.474 324.391 3.794 135.815 428.314 -12.519 273.614 -2.332 -13.695 -13.345 -20.731 -206.206 3.0 327.0 63.0 109.525 -6.303 0.0 -1.21 3.333 -27.161 -21.2 0.0 0.0 -1.532 -81.184 0.498 4.979 c.19.103
SCORE: -571.148 14.73 -1.747 -7.422 -0.513 41.047 2.838 799.203 1446.273 647.07 25.0 0.145 1.195 0.467 -3.666 -1513.275 338.153 3.326 137.296 420.421 -12.613 243.846 -0.05 -9.527 -12.919 -18.904 -206.511 3.0 327.0 55.0 110.793 -5.123 0.0 -0.181 3.309 -26.361 -21.2 0.0 0.0 -0.625 -28.114 1.816 18.156 c.19.104
SCORE: -575.805 14.972 -1.761 -18.816 -1.433 -1.229 -0.094 763.298 1312.597 549.299 22.0 0.147 1.221 0.457 -3.686 -1502.956 306.119 3.228 134.334 417.585 -12.577 274.263 3.95 -10.136 -13.061 -22.063 -206.751 4.0 327.0 55.0 110.642 -7.79 0.0 -1.331 2.957 -26.537 -21.2 0.0 0.0 -1.477 -66.468 -0.675 -6.75 c.19.105
SCORE: -546.805 14.389 -1.672 -5.186 -0.371 75.204 5.379 832.09 1398.171 566.081 21.0 0.148 1.186 0.444 -3.632 -1509.715 338.386 3.21 135.962 420.724 -13.323 262.311 -0.032 -8.155 -12.454 -20.726 -206.239 4.0 327.0 57.0 113.66 -4.832 0.0 0.148 3.77 -26.329 -21.2 0.0 0.0 -0.52 -24.417 3.287 32.868 c.19.106
SCORE: -492.527 14.973 -1.506 -8.318 -0.608 54.862 4.011 819.939 1367.711 547.772 18.0 0.147 1.193 0.454 -3.666 -1527.361 355.532 3.519 135.619 429.521 -12.039 321.84 -0.105 -12.081 -15.222 -21.104 -206.221 5.0 327.0 57.0 109.35 -6.619 0.0 -0.133 3.355 -27.544 -21.2 0.0 0.0 -0.52 -24.417 1.683 16.832 c.19.107
SCORE: -646.668 15.026 -1.978 -21.541 -1.409 -5.286 -0.346 921.965 1528.359 606.394 17.0 0.147 1.206 0.456 -3.68 -1500.19 301.849 3.324 134.555 412.753 -12.071 207.471 0.321 -9.593 -13.528 -17.342 -206.857 1.0 327.0 58.0 108.152 -7.068 0.0 -1.271 3.021 -28.072 -21.2 0.0 0.0 -1.356 -65.083 -0.866 -8.658 c.19.11
SCORE: -656.542 15.275 -2.008 -24.777 -1.616 -9.321 -0.608 854.005 1533.191 679.186 9.0 0.147 1.208 0.452 -3.681 -1494.434 309.164 3.339 136.803 409.004 -12.585 186.889 0.265 -10.409 -12.526 -18.39 -206.016 2.0 327.0 57.0 107.771 -7.771 0.0 -1.285 3.044 -27.351 -21.2 0.0 0.0 -1.518 -71.338 -0.191 -1.91 c.19.12
SCORE: -630.739 15.088 -1.929 -20.189 -1.53 4.528 0.343 875.532 1319.351 443.819 22.0 0.147 1.191 0.455 -3.664 -1501.8 312.954 3.526 140.627 409.88 -13.391 211.655 -0.365 -8.832 -13.221 -17.733 -207.229 1.0 327.0 58.0 107.584 -7.763 0.0 -1.461 3.178 -27.101 -21.2 0.0 0.0 -1.614 -77.489 -0.726 -7.257 c.19.13
SCORE: -612.124 15.447 -1.872 -23.883 -1.536 20.402 1.312 885.154 1554.47 669.317 31.0 0.147 1.189 0.454 -3.648 -1503.523 307.958 3.474 137.855 411.424 -12.85 231.315 -0.232 -10.753 -12.357 -17.59 -207.748 3.0 327.0 67.0 114.085 -6.956 0.0 -1.136 3.047 -26.445 -21.2 0.0 0.0 -1.303 -74.293 -0.181 -1.811 c.19.14
SCORE: -642.706 14.949 -1.965 -22.401 -1.458 -2.379 -0.155 944.104 1536.627 592.524 15.0 0.146 1.211 0.459 -3.686 -1502.356 307.963 3.356 133.89 414.14 -12.325 210.819 0.818 -9.922 -16.592 -17.441 -206.892 1.0 327.0 62.0 107.942 -7.364 0.0 -1.247 2.959 -27.813 -21.2 0.0 0.0 -1.295 -67.34 -1.0 -9.999 c.19.15
SCORE: -646.612 15.059 -1.977 -22.814 -1.521 -10.871 -0.725 1014.199 1500.313 486.114 22.0 0.146 1.177 0.449 -3.642 -1480.104 302.635 3.172 133.572 409.179 -12.803 192.527 0.228 -11.51 -12.27 -18.351 -206.901 3.0 327.0 57.0 107.458 -6.523 0.0 -1.375 3.034 -26.656 -21.2 0.0 0.0 -1.575 -74.006 -0.436 -4.36 c.19.16
SCORE: -644.374 15.25 -1.971 -22.345 -1.537 -3.571 -0.246 929.26 1454.195 524.935 20.0 0.147 1.198 0.455 -3.661 -1494.914 306.093 3.35 133.517 411.924 -12.509 206.714 0.502 -9.518 -15.646 -19.34 -206.382 1.0 327.0 60.0 108.208 -7.538 0.0 -1.261 2.916 -28.186 -21.2 0.0 0.0 -1.266 -63.323 -1.234 -12.342 c.19.17
SCORE: -593.19 15.278 -1.814 -6.087 -0.408 45.172 3.03 966.16 1490.781 524.622 31.0 0.147 1.189 0.455 -3.665 -1503.758 311.506 3.639 137.38 414.365 -12.778 248.607 -0.076 -11.61 -14.087 -16.488 -207.991 3.0 327.0 60.0 110.928 -6.529 0.0 -0.599 3.098 -26.399 -21.2 0.0 0.0 -0.815 -40.768 0.484 4.839 c.19.18
SCORE: -650.417 15.474 -1.989 -22.034 -1.48 -0.894 -0.06 852.87 1489.162 636.293 27.0 0.147 1.193 0.455 -3.665 -1497.431 311.854 3.618 136.676 413.784 -13.323 187.339 1.308 -6.877 -13.498 -18.645 -206.063 1.0 327.0 59.0 107.424 -7.127 0.0 -1.187 3.006 -28.086 -21.2 0.0 0.0 -1.355 -66.414 -0.364 -3.639 c.19.19
SCORE: -656.969 15.611 -2.009 -20.998 -1.462 -12.056 -0.839 1006.383 1436.575 430.192 21.0 0.148 1.2 0.449 -3.665 -1485.446 304.182 3.383 135.58 409.332 -12.948 183.179 0.105 -12.396 -12.279 -14.877 -206.793 1.0 327.0 54.0 107.258 -7.056 0.0 -1.37 2.96 -27.98 -21.2 0.0 0.0 -1.556 -68.448 -0.551 -5.515 c.19.2
SCORE: -648.349 14.974 -1.983 -24.347 -1.673 -7.152 -0.491 804.886 1455.488 650.602 20.0 0.147 1.201 0.452 -3.666 -1505.256 304.524 3.232 135.808 414.079 -12.144 204.62 0.423 -9.511 -13.772 -18.268 -206.791 2.0 327.0 61.0 109.879 -7.291 0.0 -1.395 3.039 -27.431 -21.2 0.0 0.0 -1.526 -77.81 -0.726 -7.263 c.19.20
SCORE: -631.459 15.902 -1.931 -26.125 -1.672 10.141 0.649 941.647 1562.505 620.859 21.0 0.146 1.199 0.459 -3.672 -1502.008 317.439 3.464 141.519 408.761 -12.242 204.213 -0.512 -12.884 -13.047 -15.687 -206.853 4.0 327.0 62.0 109.729 -6.7 0.0 -1.281 3.145 -27.241 -21.2 0.0 0.0 -1.455 -75.672 -0.375 -3.754 c.19.21
SCORE: -644.812 15.121 -1.972 -20.195 -1.34 -0.648 -0.043 857.964 1507.101 649.137 16.0 0.146 1.21 0.455 -3.677 -1500.85 307.321 3.214 139.301 413.237 -11.667 192.615 2.458 -9.7 -12.261 -15.09 -206.712 1.0 327.0 56.0 110.648 -7.729 0.0 -1.194 2.938 -27.01 -21.2 0.0 0.0 -1.495 -68.786 0.194 1.943 c.19.22
SCORE: -641.927 15.686 -1.963 -20.295 -1.402 1.251 0.086 874.524 1447.293 572.769 27.0 0.148 1.204 0.446 -3.661 -1504.594 308.1 3.199 142.788 415.118 -12.749 198.488 -2.394 -9.604 -14.439 -20.153 -206.769 3.0 327.0 56.0 111.169 -5.66 0.0 -1.222 2.855 -26.613 -21.2 0.0 0.0 -1.675 -77.044 0.863 8.627 c.19.23
SCORE: -638.169 15.154 -1.952 -30.214 -1.901 -1.685 -0.106 853.053 1589.519 736.466 31.0 0.147 1.209 0.455 -3.673 -1514.606 317.876 3.64 139.184 416.998 -12.62 202.724 3.971 -15.591 -12.261 -15.072 -206.324 7.0 327.0 67.0 111.928 -6.958 0.0 -1.351 2.912 -26.937 -21.2 0.0 0.0 -1.708 -97.35 0.68 6.801 c.19.24
SCORE: -641.506 15.447 -1.962 -19.159 -1.261 2.172 0.143 1000.015 1519.235 519.22 20.0 0.148 1.226 0.443 -3.676 -1484.284 301.937 3.551 134.767 411.653 -11.933 197.993 -1.077 -10.763 -13.326 -17.044 -206.195 2.0 327.0 58.0 108.185 -7.469 0.0 -1.249 2.898 -28.417 -21.2 0.0 0.0 -1.419 -68.133 -0.429 -4.291 c.19.25
SCORE: -634.839 15.324 -1.941 -23.963 -1.526 6.928 0.441 898.352 1569.911 671.558 22.0 0.147 1.201 0.452 -3.665 -1498.501 301.755 3.387 137.081 410.719 -12.546 218.043 -0.913 -11.573 -13.026 -18.806 -206.948 6.0 327.0 61.0 109.404 -6.547 0.0 -1.272 2.923 -27.138 -21.2 0.0 0.0 -1.518 -77.417 -0.02 -0.196 c.19.26
SCORE: -641.644 14.757 -1.962 -20.464 -1.464 -6.823 -0.488 811.987 1397.422 585.435 34.0 0.147 1.199 0.455 -3.669 -1493.555 305.646 3.226 135.475 411.118 -12.572 204.844 0.24 -9.626 -15.303 -19.214 -206.275 1.0 327.0 60.0 109.777 -7.133 0.0 -1.183 2.858 -27.839 -21.2 0.0 0.0 -1.326 -66.309 -0.469 -4.687 c.19.27
SCORE: -651.158 15.314 -1.991 -24.103 -1.676 -3.973 -0.276 844.054 1438.104 594.051 17.0 0.147 1.194 0.458 -3.676 -1496.092 300.896 3.152 134.56 414.568 -11.947 201.464 1.249 -13.987 -12.332 -18.627 -206.796 4.0 327.0 56.0 110.318 -8.907 0.0 -1.353 2.903 -27.254 -21.2 0.0 0.0 -1.435 -66.022 -0.973 -9.731 c.19.28
SCORE: -647.575 15.308 -1.98 -21.712 -1.522 -7.573 -0.531 856.3 1426.927 570.627 21.0 0.147 1.19 0.456 -3.67 -1493.447 303.565 3.315 134.117 416.259 -12.158 198.674 0.581 -12.419 -15.145 -19.292 -206.914 4.0 327.0 59.0 108.366 -6.003 0.0 -1.292 3.067 -26.483 -21.2 0.0 0.0 -1.412 -69.183 -0.702 -7.02 c.19.29
SCORE: -660.572 15.564 -2.02 -23.574 -1.58 -9.104 -0.61 879.974 1491.934 611.96 26.0 0.147 1.212 0.452 -3.678 -1490.587 301.634 3.743 137.746 411.385 -12.018 183.796 0.726 -11.654 -12.339 -19.442 -206.85 5.0 327.0 63.0 108.13 -7.758 0.0 -1.374 2.937 -26.228 -21.2 0.0 0.0 -1.613 -85.483 -0.107 -1.069 c.19.3
SCORE: -645.754 15.211 -1.975 -22.854 -1.517 -5.456 -0.362 921.306 1506.464 585.158 22.0 0.147 1.199 0.454 -3.667 -1502.39 303.923 3.368 135.72 417.324 -12.803 207.743 0.486 -12.213 -13.184 -18.965 -206.107 2.0 327.0 55.0 107.228 -6.971 0.0 -1.308 3.019 -28.38 -21.2 0.0 0.0 -1.381 -62.142 -0.98 -9.796 c.19.30
SCORE: -610.767 15.167 -1.868 -23.284 -1.772 18.544 1.412 802.83 1313.677 510.847 28.0 0.146 1.184 0.458 -3.657 -1504.104 313.722 3.553 135.331 413.165 -13.456 233.803 -0.159 -9.05 -14.845 -15.176 -206.994 3.0 327.0 59.0 107.761 -7.109 0.0 -1.061 2.993 -27.293 -21.2 0.0 0.0 -1.108 -54.278 -0.831 -8.313 c.19.31
SCORE: -639.672 15.162 -1.956 -24.448 -1.617 -5.829 -0.386 909.006 1511.772 602.767 19.0 0.146 1.2 0.461 -3.661 -1487.958 308.453 3.456 134.806 410.773 -11.643 205.107 1.284 -14.389 -14.437 -19.382 -206.885 6.0 327.0 56.0 108.173 -7.961 0.0 -1.229 2.869 -27.601 -21.2 0.0 0.0 -1.219 -56.077 -1.273 -12.727 c.19.32
SCORE: -642.018 14.833 -1.963 -9.25 -0.741 4.479 0.359 753.755 1248.403 494.648 21.0 0.147 1.193 0.451 -3.659 -1502.144 304.554 3.38 135.083 416.631 -12.881 208.253 -0.397 -10.891 -12.326 -20.948 -207.038 2.0 327.0 56.0 109.69 -6.967 0.0 -1.252 2.913 -26.258 -21.2 0.0 0.0 -1.577 -72.535 0.241 2.409 c.19.33
SCORE: -634.344 14.758 -1.94 -12.987 -0.829 1.628 0.104 931.998 1567.011 635.013 21.0 0.147 1.209 0.457 -3.671 -1500.256 312.32 3.712 132.853 415.539 -13.472 202.78 -1.973 -9.704 -13.284 -15.968 -206.36 4.0 327.0 61.0 109.453 -5.845 0.0 -1.25 3.512 -26.566 -21.2 0.0 0.0 -1.588 -80.973 0.475 4.753 c.19.34
SCORE: -637.3 15.324 -1.949 -22.139 -1.598 -2.122 -0.153 866.689 1385.562 518.872 18.0 0.147 1.191 0.456 -3.666 -1500.451 312.607 3.46 135.209 413.558 -11.82 204.993 0.822 -9.673 -15.809 -17.312 -206.573 1.0 327.0 58.0 109.392 -7.573 0.0 -1.245 3.01 -27.244 -21.2 0.0 0.0 -1.414 -67.876 -0.431 -4.311 c.19.35
SCORE: -633.249 14.875 -1.937 -22.218 -1.355 3.417 0.208 1024.804 1640.262 615.458 18.0 0.147 1.184 0.451 -3.669 -1481.769 314.463 3.236 135.894 409.144 -11.716 195.317 -1.28 -10.011 -16.304 -20.913 -206.63 4.0 327.0 57.0 107.835 -6.824 0.0 -0.813 4.04 -25.923 -21.2 0.0 0.0 -1.096 -51.523 0.517 5.168 c.19.36
SCORE: -631.791 14.857 -1.932 -21.54 -1.557 6.548 0.473 747.88 1383.173 635.293 18.0 0.147 1.189 0.453 -3.656 -1505.349 318.354 3.281 134.529 421.881 -11.387 199.384 -0.455 -12.421 -12.532 -15.268 -206.319 2.0 327.0 55.0 107.84 -6.488 0.0 -0.797 3.339 -27.568 -21.2 0.0 0.0 -0.889 -40.006 -0.384 -3.838 c.19.37
SCORE: -635.65 15.257 -1.944 -16.655 -1.164 -0.271 -0.019 859.814 1430.693 570.879 22.0 0.146 1.204 0.459 -3.683 -1498.402 307.18 3.285 134.376 415.531 -13.104 212.423 5.127 -9.283 -15.709 -18.247 -206.093 1.0 327.0 59.0 107.427 -7.241 0.0 -1.162 2.903 -27.623 -21.2 0.0 0.0 -1.268 -62.129 -0.64 -6.402 c.19.38
SCORE: -605.307 15.432 -1.851 -26.572 -1.751 27.818 1.833 1004.885 1517.819 512.934 32.0 0.146 1.193 0.456 -3.665 -1502.3 318.101 3.467 136.996 409.768 -12.182 232.581 -0.116 -9.896 -14.071 -15.159 -207.415 2.0 327.0 62.0 107.494 -6.316 0.0 -0.889 2.959 -26.266 -21.2 0.0 0.0 -0.923 -47.974 -0.712 -7.123 c.19.39
SCORE: -655.893 15.395 -2.006 -21.58 -1.505 -7.92 -0.552 827.021 1433.544 606.523 24.0 0.147 1.203 0.454 -3.673 -1491.935 305.12 3.12 135.908 410.995 -13.872 193.045 0.736 -10.105 -14.794 -19.549 -206.945 3.0 327.0 57.0 107.874 -6.511 0.0 -1.352 3.105 -28.279 -21.2 0.0 0.0 -1.419 -66.711 -1.036 -10.356 c.19.4
SCORE: -633.48 15.081 -1.937 -19.369 -1.369 1.896 0.134 869.496 1415.247 545.75 22.0 0.147 1.198 0.453 -3.658 -1497.228 311.572 3.446 134.33 412.361 -12.434 212.678 -0.954 -9.037 -12.525 -22.372 -206.842 1.0 327.0 60.0 108.236 -7.144 0.0 -1.16 2.875 -28.338 -21.2 0.0 0.0 -1.185 -59.247 -1.038 -10.376 c.19.40
SCORE: -632.812 14.9 -1.935 -16.059 -1.141 10.595 0.753 895.933 1407.161 511.228 26.0 0.146 1.205 0.457 -3.676 -1500.882 314.219 3.357 134.323 414.856 -12.93 203.493 -0.127 -6.897 -14.684 -18.212 -206.759 1.0 327.0 60.0 110.408 -5.662 0.0 -0.811 3.105 -27.479 -21.2 0.0 0.0 -1.019 -50.959 0.231 2.309 c.19.41
SCORE: -640.087 14.919 -1.957 -17.907 -1.267 -10.614 -0.751 914.648 1413.475 498.826 19.0 0.146 1.178 0.458 -3.659 -1492.536 308.366 3.233 135.356 409.88 -12.207 204.791 0.044 -8.072 -15.626 -20.061 -206.172 1.0 327.0 54.0 107.775 -6.967 0.0 -1.373 3.061 -27.829 -21.2 0.0 0.0 -1.526 -67.145 -0.697 -6.974 c.19.42
SCORE: -644.885 14.941 -1.972 -18.896 -1.305 -7.348 -0.507 919.21 1447.991 528.78 15.0 0.147 1.197 0.455 -3.662 -1485.734 305.3 3.297 133.793 409.15 -12.204 194.832 0.198 -10.528 -13.674 -17.11 -207.092 1.0 327.0 58.0 108.578 -7.198 0.0 -1.097 2.871 -26.101 -21.2 0.0 0.0 -1.276 -61.231 -0.242 -2.421 c.19.43
SCORE: -631.915 15.029 -1.932 -24.928 -1.66 -0.192 -0.013 853.964 1501.959 647.996 20.0 0.147 1.196 0.455 -3.665 -1503.087 313.432 3.183 136.991 411.05 -12.534 213.92 31.799 -10.661 -12.239 -20.074 -206.922 5.0 327.0 56.0 109.687 -7.093 0.0 -1.148 2.942 -27.443 -21.2 0.0 0.0 -1.417 -65.169 0.088 0.88 c.19.44
SCORE: -630.28 14.658 -1.927 -19.403 -1.304 0.257 0.017 883.787 1487.546 603.759 29.0 0.146 1.193 0.456 -3.667 -1500.519 313.022 3.475 135.092 412.811 -12.534 210.245 -10.233 -8.617 -12.823 -16.845 -206.209 2.0 327.0 59.0 107.532 -6.888 0.0 -1.246 2.886 -27.836 -21.2 0.0 0.0 -1.473 -72.155 -0.138 -1.383 c.19.45
SCORE: -633.381 15.462 -1.937 -18.89 -1.373 -6.55 -0.476 863.788 1375.453 511.664 25.0 0.148 1.215 0.448 -3.665 -1502.599 313.126 3.576 133.569 416.093 -12.927 209.475 0.124 -8.426 -13.974 -17.324 -207.508 1.0 327.0 52.0 108.058 -7.827 0.0 -1.099 2.855 -26.495 -21.2 0.0 0.0 -1.135 -47.669 -0.948 -9.482 c.19.46
SCORE: -594.098 15.108 -1.817 -25.571 -1.645 34.068 2.192 928.021 1554.183 626.161 27.0 0.146 1.196 0.458 -3.672 -1497.482 309.363 3.496 136.11 413.454 -12.761 247.764 -0.17 -12.004 -12.679 -18.248 -206.932 5.0 327.0 61.0 109.196 -6.664 0.0 -0.798 2.981 -26.62 -21.2 0.0 0.0 -0.942 -48.065 -0.063 -0.635 c.19.47
SCORE: -635.222 15.073 -1.943 -14.02 -0.984 2.991 0.21 804.564 1424.568 620.005 20.0 0.149 1.226 0.437 -3.664 -1495.242 309.063 3.249 133.274 417.196 -12.251 204.116 -0.374 -9.162 -15.425 -18.251 -206.61 2.0 327.0 58.0 109.002 -6.676 0.0 -1.175 2.946 -27.4 -21.2 0.0 0.0 -1.314 -63.079 -0.505 -5.049 c.19.48
SCORE: -606.935 14.714 -1.856 -23.056 -1.576 22.097 1.51 858.125 1462.943 604.818 24.0 0.147 1.204 0.453 -3.678 -1503.864 306.107 3.49 136.946 416.281 -12.433 238.277 -0.263 -13.602 -13.363 -16.761 -207.22 6.0 327.0 61.0 109.684 -4.972 0.0 -0.972 3.463 -25.891 -21.2 0.0 0.0 -1.148 -58.544 -0.078 -0.778 c.19.49
SCORE: -653.308 14.892 -1.998 -17.301 -1.183 1.421 0.097 888.482 1462.692 574.21 17.0 0.148 1.212 0.447 -3.649 -1496.863 309.697 3.307 134.323 411.622 -12.486 191.868 0.0 -7.793 -15.599 -17.361 -206.085 0.0 327.0 56.0 107.715 -7.632 0.0 -0.998 2.911 -27.889 -21.2 0.0 0.0 -1.074 -49.405 -0.648 -6.478 c.19.5
SCORE: -576.607 15.378 -1.763 -0.781 -0.051 65.183 4.228 982.586 1541.539 558.953 28.0 0.148 1.201 0.446 -3.662 -1497.8 311.628 3.599 139.087 412.626 -12.428 257.26 -0.089 -14.582 -12.935 -14.457 -207.074 4.0 327.0 61.0 110.963 -5.908 0.0 -0.406 2.981 -26.501 -21.2 0.0 0.0 -0.692 -35.279 1.052 10.523 c.19.50
SCORE: -638.17 15.139 -1.952 -18.588 -1.261 -3.834 -0.26 872.951 1473.649 600.698 22.0 0.147 1.192 0.452 -3.66 -1489.981 311.261 3.303 134.707 411.831 -12.327 203.184 1.057 -8.713 -15.79 -21.884 -206.076 4.0 327.0 57.0 107.665 -7.327 0.0 -1.184 2.977 -27.931 -21.2 0.0 0.0 -1.312 -61.682 -0.578 -5.785 c.19.51
SCORE: -636.223 16.738 -1.946 -28.783 -1.875 2.713 0.177 1002.248 1534.691 532.443 20.0 0.148 1.246 0.45 -3.682 -1504.005 315.468 3.917 147.051 406.21 -11.99 195.077 -0.802 -8.887 -12.237 -16.752 -207.068 2.0 327.0 63.0 109.43 -6.381 0.0 -1.38 2.995 -26.014 -21.2 0.0 0.0 -1.749 -92.685 0.573 5.729 c.19.52
SCORE: -635.726 15.25 -1.944 -19.451 -1.399 -2.699 -0.194 825.638 1390.341 564.703 19.0 0.147 1.213 0.455 -3.675 -1498.16 307.202 3.271 136.04 411.442 -12.627 209.826 1.109 -10.958 -13.551 -17.025 -206.223 2.0 327.0 58.0 109.804 -7.255 0.0 -1.255 2.995 -27.447 -21.2 0.0 0.0 -1.506 -72.299 -0.051 -0.511 c.19.53
SCORE: -599.134 15.229 -1.832 -15.297 -1.124 28.487 2.094 766.02 1360.567 594.547 25.0 0.146 1.225 0.457 -3.69 -1504.627 313.937 3.69 135.226 415.939 -13.158 238.926 -0.13 -7.997 -13.024 -18.973 -206.728 3.0 327.0 59.0 109.257 -4.921 0.0 -0.685 3.187 -26.806 -21.2 0.0 0.0 -0.936 -45.859 0.546 5.461 c.19.54
SCORE: -602.12 15.243 -1.841 -23.366 -1.533 32.905 2.159 900.14 1523.904 623.764 27.0 0.147 1.203 0.454 -3.672 -1500.891 309.85 3.409 136.619 411.616 -12.947 245.845 -0.189 -10.606 -13.298 -19.806 -206.904 5.0 327.0 59.0 109.21 -6.861 0.0 -0.848 2.927 -27.215 -21.2 0.0 0.0 -0.93 -45.552 -0.45 -4.503 c.19.55
SCORE: -631.872 16.467 -1.932 -25.403 -1.634 2.686 0.173 963.824 1555.141 591.317 32.0 0.147 1.205 0.456 -3.668 -1509.667 323.852 3.846 143.385 417.43 -12.282 195.898 -0.329 -11.274 -13.478 -17.242 -205.942 1.0 327.0 64.0 107.649 -5.833 0.0 -1.472 3.32 -28.471 -21.2 0.0 0.0 -1.794 -96.856 0.267 2.667 c.19.56
SCORE: -629.636 15.657 -1.925 -19.341 -1.462 18.988 1.435 803.708 1322.861 519.152 22.0 0.147 1.183 0.453 -3.659 -1502.538 314.96 3.27 137.231 415.599 -12.999 214.231 -0.262 -15.282 -12.825 -20.463 -206.928 3.0 327.0 56.0 109.175 -6.3 0.0 -0.984 3.151 -26.841 -21.2 0.0 0.0 -1.161 -53.406 -0.171 -1.712 c.19.57
SCORE: -596.654 15.622 -1.825 -25.54 -1.728 41.11 2.782 973.003 1477.776 504.773 33.0 0.147 1.212 0.453 -3.673 -1505.847 309.253 3.445 137.129 413.186 -12.025 244.757 -0.086 -10.87 -12.244 -15.316 -208.037 2.0 327.0 60.0 111.169 -5.316 0.0 -0.625 2.869 -25.745 -21.2 0.0 0.0 -0.752 -37.609 0.013 0.132 c.19.58
SCORE: -603.285 15.167 -1.845 -25.069 -1.695 21.923 1.483 872.888 1478.737 605.849 35.0 0.146 1.202 0.458 -3.675 -1499.07 309.207 3.419 135.406 412.477 -12.917 238.903 -0.199 -10.333 -12.231 -15.118 -207.03 3.0 327.0 62.0 108.256 -6.561 0.0 -0.969 2.901 -27.527 -21.2 0.0 0.0 -1.087 -56.533 -0.357 -3.567 c.19.59
SCORE: -658.887 15.293 -2.015 -21.2 -1.381 -3.331 -0.217 984.593 1535.127 550.535 20.0 0.147 1.192 0.454 -3.673 -1493.46 305.631 3.152 135.612 412.902 -13.26 186.814 0.872 -9.489 -15.204 -18.188 -206.054 2.0 327.0 61.0 108.187 -7.265 0.0 -1.265 2.947 -28.132 -21.2 0.0 0.0 -1.409 -71.878 -0.528 -5.276 c.19.6
SCORE: -634.136 14.895 -1.939 -17.519 -1.231 10.829 0.761 796.473 1422.636 626.163 15.0 0.147 1.235 0.453 -3.683 -1503.902 309.729 3.489 134.608 416.331 -12.271 212.645 0.0 -8.821 -12.533 -20.703 -206.741 0.0 327.0 58.0 108.703 -7.234 0.0 -1.103 3.08 -27.468 -21.2 0.0 0.0 -1.404 -67.39 0.339 3.391 c.19.60
SCORE: -625.343 14.361 -1.912 -17.685 -1.343 12.534 0.952 879.4 1317.01 437.61 14.0 0.147 1.204 0.453 -3.668 -1486.637 313.194 3.403 134.725 411.74 -11.402 200.894 -0.151 -9.987 -13.811 -15.166 -206.151 2.0 327.0 54.0 108.087 -7.609 0.0 -0.899 3.002 -26.56 -21.2 0.0 0.0 -1.181 -51.951 0.341 3.411 c.19.61
SCORE: -632.766 15.231 -1.935 -17.38 -1.188 -5.1 -0.349 896.281 1462.61 566.329 16.0 0.146 1.196 0.458 -3.67 -1505.975 311.056 3.253 134.641 418.019 -13.17 215.107 0.668 -15.204 -12.549 -17.641 -207.067 4.0 327.0 59.0 110.583 -6.663 0.0 -1.242 3.022 -27.11 -21.2 0.0 0.0 -1.488 -72.898 -0.04 -0.401 c.19.62
SCORE: -629.33 15.316 -1.925 -19.081 -1.264 1.205 0.08 943.271 1509.366 566.095 26.0 0.146 1.206 0.454 -3.679 -1502.859 310.92 3.322 135.205 420.699 -12.866 209.803 -3.066 -10.67 -12.693 -17.473 -206.798 5.0 327.0 59.0 108.663 -6.303 0.0 -0.992 2.979 -28.187 -21.2 0.0 0.0 -1.152 -56.471 -0.204 -2.042 c.19.63
SCORE: -624.466 14.722 -1.91 -15.406 -1.122 11.838 0.862 780.902 1372.793 591.891 15.0 0.146 1.224 0.458 -3.683 -1517.707 315.178 3.48 135.239 417.369 -12.528 228.199 -0.121 -8.453 -12.993 -20.42 -206.828 2.0 327.0 58.0 107.757 -5.51 0.0 -1.068 2.897 -27.092 -21.2 0.0 0.0 -1.405 -67.463 0.552 5.523 c.19.64
SCORE: -606.522 15.529 -1.855 -1.911 -0.127 16.584 1.099 914.677 1508.798 594.121 24.0 0.147 1.228 0.454 -3.682 -1517.954 324.534 3.71 138.603 421.186 -11.981 225.54 -0.177 -7.138 -13.736 -23.064 -207.387 4.0 327.0 60.0 110.496 -3.528 0.0 -0.997 3.183 -25.934 -21.2 0.0 0.0 -1.462 -73.091 1.327 13.275 c.19.65
SCORE: -630.772 15.45 -1.929 -20.004 -1.408 -3.138 -0.221 857.21 1420.471 563.261 26.0 0.147 1.204 0.453 -3.67 -1511.66 312.749 3.222 135.704 418.071 -13.277 221.472 1.17 -14.832 -12.679 -20.094 -206.812 3.0 327.0 57.0 111.974 -6.928 0.0 -1.168 3.05 -27.667 -21.2 0.0 0.0 -1.431 -67.249 0.067 0.673 c.19.66
SCORE: -622.948 15.237 -1.905 -23.749 -1.551 7.468 0.488 918.565 1531.41 612.844 15.0 0.146 1.221 0.455 -3.683 -1509.351 320.046 3.46 136.234 414.322 -11.803 216.317 -0.271 -9.73 -12.521 -16.173 -206.832 3.0 327.0 61.0 108.256 -7.251 0.0 -1.068 2.938 -27.798 -21.2 0.0 0.0 -1.197 -61.052 -0.412 -4.124 c.19.67
SCORE: -624.032 14.314 -1.908 -12.682 -0.911 11.37 0.817 794.088 1391.605 597.518 18.0 0.147 1.214 0.454 -3.681 -1506.261 309.117 3.277 134.359 417.929 -12.459 224.018 -0.124 -9.086 -14.618 -20.431 -207.689 1.0 327.0 57.0 111.079 -6.063 0.0 -0.766 3.11 -27.247 -21.2 0.0 0.0 -1.031 -48.464 0.478 4.782 c.19.68
SCORE: -595.334 15.342 -1.821 -20.342 -1.327 34.065 2.222 1029.778 1532.948 503.17 22.0 0.147 1.224 0.454 -3.688 -1503.971 315.558 3.659 134.385 416.735 -12.653 241.45 -0.03 -8.659 -12.753 -16.206 -206.698 1.0 327.0 60.0 107.857 -6.585 0.0 -0.303 3.21 -27.599 -21.2 0.0 0.0 -0.278 -13.916 -0.428 -4.282 c.19.69
SCORE: -645.143 15.324 -1.973 -27.65 -1.742 -8.646 -0.545 958.819 1587.378 628.559 16.0 0.147 1.204 0.454 -3.668 -1495.482 304.488 3.45 137.635 409.089 -12.523 200.995 0.552 -11.857 -12.297 -17.674 -206.934 4.0 327.0 59.0 109.06 -6.5 0.0 -1.412 2.911 -26.439 -21.2 0.0 0.0 -1.634 -80.056 -0.325 -3.247 c.19.7
SCORE: -563.919 14.735 -1.725 0.15 0.011 59.144 4.149 911.012 1425.651 514.639 27.0 0.146 1.19 0.457 -3.66 -1501.387 316.501 3.668 137.401 412.064 -12.955 272.45 -0.027 -7.938 -14.732 -16.25 -207.197 2.0 327.0 60.0 108.482 -6.663 0.0 -0.396 3.03 -27.325 -21.2 0.0 0.0 -0.577 -28.866 0.508 5.081 c.19.70
SCORE: -581.376 14.686 -1.778 -16.322 -1.109 46.793 3.178 869.001 1472.404 603.403 25.0 0.147 1.189 0.454 -3.665 -1506.912 318.206 3.673 136.809 414.103 -12.641 256.238 -0.085 -11.935 -13.544 -14.002 -207.188 4.0 327.0 59.0 109.129 -6.627 0.0 -0.559 3.158 -26.769 -21.2 0.0 0.0 -0.786 -38.533 0.554 5.538 c.19.71
SCORE: -620.992 15.189 -1.899 -17.196 -1.23 6.374 0.456 899.601 1397.846 498.245 23.0 0.146 1.196 0.457 -3.661 -1499.174 320.324 3.478 135.529 414.502 -11.871 206.538 -0.076 -7.241 -13.889 -16.668 -206.506 1.0 327.0 59.0 108.689 -7.222 0.0 -0.889 3.109 -27.525 -21.2 0.0 0.0 -1.034 -50.678 -0.179 -1.787 c.19.72
SCORE: -619.89 14.353 -1.896 -17.274 -1.305 15.556 1.176 766.202 1323.2 556.997 23.0 0.146 1.202 0.459 -3.67 -1510.413 310.857 3.309 136.086 421.531 -12.369 222.563 0.0 -8.916 -13.063 -18.098 -207.126 0.0 327.0 55.0 110.603 -7.399 0.0 -1.011 3.726 -28.119 -21.2 0.0 0.0 -1.273 -57.277 0.167 1.667 c.19.73
SCORE: -614.365 15.081 -1.879 -15.429 -1.016 27.167 1.79 897.348 1517.996 620.648 18.0 0.146 1.216 0.455 -3.683 -1494.732 322.736 3.452 138.104 410.869 -12.034 210.028 -0.058 -8.87 -12.666 -18.019 -206.89 2.0 327.0 65.0 107.589 -6.312 0.0 -0.792 2.905 -27.459 -21.2 0.0 0.0 -0.959 -52.73 0.122 1.22 c.19.74
SCORE: -633.56 15.2 -1.937 -22.496 -1.554 -0.476 -0.033 899.83 1447.539 547.709 20.0 0.147 1.179 0.454 -3.653 -1506.444 309.526 3.178 135.137 420.362 -12.686 210.814 10.405 -10.52 -12.771 -18.434 -206.751 5.0 327.0 57.0 109.219 -6.767 0.0 -0.928 2.9 -27.252 -21.2 0.0 0.0 -1.13 -53.094 0.02 0.201 c.19.75
SCORE: -631.62 15.658 -1.932 -26.685 -1.76 4.202 0.277 975.419 1515.94 540.52 22.0 0.148 1.22 0.447 -3.681 -1497.507 321.285 3.473 137.528 410.371 -12.153 199.354 -1.122 -12.302 -13.837 -18.34 -208.286 3.0 327.0 61.0 111.683 -6.587 0.0 -1.271 3.025 -26.258 -21.2 0.0 0.0 -1.502 -76.606 -0.095 -0.954 c.19.76
SCORE: -621.688 16.043 -1.901 -15.703 -1.037 -6.718 -0.444 908.449 1514.637 606.188 21.0 0.147 1.196 0.452 -3.67 -1507.137 314.063 3.55 139.886 416.957 -12.726 215.407 0.516 -12.615 -12.552 -19.41 -206.067 3.0 327.0 62.0 110.945 -6.598 0.0 -1.201 2.892 -25.209 -21.2 0.0 0.0 -1.772 -92.163 1.773 17.727 c.19.77
SCORE: -613.844 16.395 -1.877 -15.458 -1.061 9.728 0.668 911.785 1457.201 545.416 41.0 0.147 1.198 0.451 -3.667 -1515.441 321.975 3.356 137.882 423.442 -12.498 211.289 -0.065 -7.446 -14.222 -19.159 -205.957 1.0 327.0 65.0 115.106 -5.551 0.0 -1.188 3.109 -26.66 -21.2 0.0 0.0 -1.678 -92.314 1.512 15.122 c.19.78
SCORE: -580.312 14.969 -1.775 -22.991 -1.573 39.05 2.672 928.119 1461.579 533.46 29.0 0.147 1.195 0.452 -3.665 -1511.018 325.655 3.674 138.654 413.537 -12.53 250.404 -0.054 -8.197 -13.579 -15.3 -207.004 2.0 327.0 61.0 108.156 -6.585 0.0 -0.726 3.105 -26.212 -21.2 0.0 0.0 -0.799 -40.763 -0.355 -3.551 c.19.79
SCORE: -662.117 15.789 -2.025 -24.247 -1.676 -14.28 -0.987 913.982 1446.615 532.633 25.0 0.147 1.18 0.451 -3.653 -1495.597 299.106 3.172 138.273 410.477 -13.038 189.799 0.23 -11.159 -14.121 -15.069 -207.174 3.0 327.0 61.0 108.678 -8.205 0.0 -1.691 3.034 -27.221 -21.2 0.0 0.0 -1.886 -96.18 -0.696 -6.961 c.19.8
SCORE: -612.999 15.2 -1.875 -11.337 -0.854 23.93 1.802 840.343 1327.729 487.386 24.0 0.147 1.205 0.458 -3.665 -1509.682 314.092 3.421 134.771 418.204 -12.331 231.728 -0.076 -11.146 -12.513 -17.225 -207.276 3.0 327.0 61.0 108.419 -6.92 0.0 -0.973 3.036 -26.524 -21.2 0.0 0.0 -1.343 -68.504 0.915 9.154 c.19.80
SCORE: -614.296 14.971 -1.879 -16.784 -1.237 8.104 0.597 761.18 1356.489 595.309 25.0 0.147 1.194 0.451 -3.663 -1504.136 323.789 3.523 138.613 415.504 -12.043 212.121 -0.228 -8.168 -13.549 -19.551 -208.129 2.0 327.0 57.0 109.707 -6.248 0.0 -1.151 2.881 -25.538 -21.2 0.0 0.0 -1.441 -67.74 0.211 2.112 c.19.81
SCORE: -621.545 14.725 -1.901 -17.692 -1.23 -11.128 -0.774 914.209 1438.265 524.055 9.0 0.146 1.192 0.456 -3.664 -1491.16 311.891 3.375 134.745 412.447 -13.353 217.487 0.281 -12.801 -13.764 -16.21 -206.493 3.0 327.0 55.0 107.666 -7.236 0.0 -0.754 3.073 -28.141 -21.2 0.0 0.0 -0.973 -43.787 0.234 2.338 c.19.82
SCORE: -615.343 15.029 -1.882 -19.088 -1.384 3.086 0.224 825.612 1378.736 553.124 15.0 0.148 1.216 0.449 -3.663 -1499.255 313.328 3.263 135.321 415.972 -11.311 215.567 -1.395 -12.094 -13.346 -16.467 -206.986 2.0 327.0 56.0 110.275 -4.455 0.0 -0.881 3.043 -25.148 -21.2 0.0 0.0 -1.162 -53.455 0.411 4.107 c.19.83
SCORE: -556.439 14.943 -1.702 -0.337 -0.022 63.624 4.207 993.501 1512.236 518.735 28.0 0.147 1.195 0.454 -3.663 -1506.403 316.194 3.83 138.201 411.207 -12.706 281.267 -0.019 -7.75 -13.067 -15.827 -206.979 2.0 327.0 59.0 109.715 -7.149 0.0 -0.323 3.069 -26.972 -21.2 0.0 0.0 -0.563 -27.579 0.855 8.55 c.19.84
SCORE: -617.686 15.0 -1.889 -16.03 -1.047 22.678 1.481 930.016 1531.449 601.433 19.0 0.147 1.201 0.453 -3.665 -1518.494 324.757 4.007 135.491 426.518 -11.955 216.757 -0.15 -10.124 -16.156 -20.905 -206.799 4.0 327.0 61.0 111.652 -5.803 0.0 -0.693 3.235 -26.804 -21.2 0.0 0.0 -1.089 -55.561 1.327 13.271 c.19.85
SCORE: -599.399 16.195 -1.833 -20.852 -1.388 30.36 2.021 895.316 1501.915 606.599 14.0 0.147 1.19 0.456 -3.66 -1500.25 323.178 3.849 143.944 407.446 -12.228 224.075 0.0 -7.527 -14.509 -13.29 -206.83 0.0 327.0 64.0 107.823 -7.255 0.0 -0.826 2.979 -27.735 -21.2 0.0 0.0 -0.935 -50.469 -0.24 -2.399 c.19.86
SCORE: -613.263 16.098 -1.875 -29.214 -2.063 5.654 0.399 864.933 1416.027 551.094 29.0 0.147 1.209 0.452 -3.683 -1516.24 323.534 3.638 139.017 425.466 -12.66 217.405 -1.065 -14.781 -13.265 -18.302 -207.782 5.0 327.0 59.0 111.547 -5.871 0.0 -1.124 3.15 -25.044 -21.2 0.0 0.0 -1.43 -70.068 0.375 3.751 c.19.87
SCORE: -615.636 14.927 -1.883 -20.075 -1.342 14.429 0.964 928.054 1496.062 568.008 21.0 0.146 1.195 0.455 -3.673 -1504.376 325.554 3.549 136.769 413.996 -12.607 212.404 -0.022 -7.982 -13.526 -15.068 -206.05 1.0 327.0 59.0 107.491 -7.492 0.0 -0.839 3.027 -28.247 -21.2 0.0 0.0 -1.012 -49.572 0.01 0.099 c.19.88
SCORE: -607.589 15.026 -1.858 -13.989 -0.969 22.193 1.538 840.849 1443.019 602.17 20.0 0.147 1.195 0.456 -3.668 -1495.638 322.111 3.619 136.394 413.182 -12.048 214.512 -0.053 -7.574 -15.616 -14.134 -206.957 2.0 327.0 58.0 108.323 -6.685 0.0 -0.894 3.022 -27.03 -21.2 0.0 0.0 -1.108 -53.181 0.133 1.332 c.19.89
SCORE: -646.855 14.921 -1.978 -18.064 -1.244 5.378 0.37 894.037 1452.113 558.076 22.0 0.147 1.186 0.451 -3.663 -1498.108 307.763 3.419 134.768 414.373 -13.099 199.004 0.0 -7.877 -14.963 -17.978 -206.066 0.0 327.0 59.0 107.633 -7.335 0.0 -0.98 2.883 -28.195 -21.2 0.0 0.0 -1.052 -51.53 -0.632 -6.317 c.19.9
SCORE: -606.231 14.944 -1.854 -23.245 -1.561 14.607 0.981 879.25 1489.003 609.753 25.0 0.147 1.21 0.453 -3.668 -1501.75 330.186 3.651 138.161 414.135 -11.684 213.228 -0.243 -11.135 -13.967 -15.257 -206.122 2.0 327.0 59.0 108.899 -7.347 0.0 -0.616 2.893 -27.062 -21.2 0.0 0.0 -0.733 -35.897 -0.047 -0.472 c.19.90
SCORE: -605.561 15.486 -1.852 -16.64 -1.215 15.283 1.116 787.281 1369.033 581.752 20.0 0.146 1.192 0.454 -3.67 -1497.95 328.702 3.785 136.722 412.658 -11.892 211.816 -0.036 -7.558 -12.473 -16.568 -206.142 1.0 327.0 58.0 108.212 -6.718 0.0 -1.001 2.929 -28.006 -21.2 0.0 0.0 -1.362 -65.388 0.736 7.356 c.19.91
SCORE: -597.601 15.595 -1.828 -18.349 -1.203 21.957 1.44 871.459 1524.834 653.376 23.0 0.15 1.217 0.431 -3.601 -1504.538 331.538 3.855 137.144 421.323 -11.684 216.891 -0.212 -10.671 -14.481 -15.846 -206.617 5.0 327.0 63.0 108.218 -6.146 0.0 -1.078 3.07 -26.653 -21.2 0.0 0.0 -1.392 -73.766 0.584 5.837 c.19.92
SCORE: -614.087 14.842 -1.878 -20.298 -1.513 2.902 0.216 821.297 1341.876 520.579 22.0 0.148 1.202 0.448 -3.669 -1510.814 322.014 3.404 136.6 418.104 -13.282 218.548 -1.693 -11.372 -12.573 -19.591 -206.947 3.0 327.0 60.0 112.756 -4.919 0.0 -0.848 3.144 -26.088 -21.2 0.0 0.0 -1.428 -71.395 2.051 20.51 c.19.93
SCORE: -599.432 14.758 -1.833 -13.734 -1.008 19.05 1.397 816.626 1363.18 546.554 23.0 0.147 1.212 0.448 -3.679 -1501.649 331.773 3.651 138.07 416.872 -12.663 213.177 -0.158 -9.536 -13.343 -16.528 -206.229 4.0 327.0 57.0 109.325 -6.446 0.0 -0.784 2.902 -25.738 -21.2 0.0 0.0 -1.233 -57.943 1.327 13.273 c.19.94
SCORE: -600.944 16.2 -1.838 -16.746 -1.108 28.239 1.868 801.321 1511.952 710.631 31.0 0.147 1.209 0.454 -3.672 -1518.586 329.161 3.326 138.526 425.037 -11.666 220.016 -0.127 -10.258 -13.306 -14.614 -205.866 3.0 327.0 67.0 109.709 -5.271 0.0 -0.856 3.219 -27.31 -21.2 0.0 0.0 -1.316 -75.036 1.769 17.687 c.19.95
SCORE: -590.324 15.194 -1.805 -8.708 -0.653 28.706 2.154 801.613 1332.911 531.299 16.0 0.146 1.209 0.458 -3.688 -1513.167 321.012 3.59 134.863 417.25 -11.969 247.241 -0.025 -10.265 -13.71 -18.045 -206.747 2.0 327.0 58.0 111.132 -4.982 0.0 -0.598 3.064 -26.516 -21.2 0.0 0.0 -1.081 -51.907 1.724 17.237 c.19.96
SCORE: -596.685 15.371 -1.825 -14.918 -1.068 11.305 0.809 788.908 1396.8 607.892 31.0 0.147 1.199 0.453 -3.666 -1506.16 321.799 3.43 136.374 416.332 -12.251 227.614 -0.288 -10.781 -12.763 -16.824 -205.867 4.0 327.0 57.0 115.755 -6.928 0.0 -0.693 2.902 -26.248 -21.2 0.0 0.0 -1.136 -53.411 1.389 13.886 c.19.97
SCORE: -561.848 14.818 -1.718 1.045 0.069 66.428 4.407 907.227 1507.234 600.008 28.0 0.146 1.197 0.459 -3.676 -1492.069 327.369 3.58 137.782 411.262 -12.234 258.624 -0.072 -12.07 -13.091 -17.09 -207.088 3.0 327.0 57.0 107.359 -7.066 0.0 -0.051 2.934 -26.975 -21.2 0.0 0.0 -0.179 -8.397 0.55 5.501 c.19.98
SCORE: -593.025 15.639 -1.814 -22.276 -1.6 28.231 2.027 855.86 1392.681 536.82 16.0 0.147 1.209 0.454 -3.674 -1509.482 332.988 3.647 136.861 421.792 -12.709 224.273 -0.172 -14.269 -13.683 -19.472 -206.637 5.0 327.0 58.0 114.472 -5.653 0.0 -0.594 3.563 -25.651 -21.2 0.0 0.0 -1.071 -51.389 1.695 16.951 c.19.99
