SCORE: total_score avg_degree complex_normalized dG_cross dG_cross/dSASAx100 dG_separated dG_separated/dSASAx100 dSASA_hphobic dSASA_int dSASA_polar delta_unsatHbonds dslf_ca_dih dslf_cs_ang dslf_ss_dih dslf_ss_dst fa_atr fa_dun fa_intra_rep fa_mbenv fa_mbsolv fa_pair fa_rep hbond_E_fraction hbond_bb_sc hbond_lr_bb hbond_sc hbond_sr_bb hbonds_int nres_all nres_int omega p_aa_pp packstat per_residue_energy_int pro_close rama ref rmsd sc_value side1_normalized side1_score side2_normalized side2_score description
SCORE: -673.58 15.024 -2.06 -20.688 -1.392 -14.76 -0.993 813.513 1485.945 672.432 15.0 0.147 1.163 0.455 -3.636 -1481.588 295.529 3.476 133.358 406.51 -12.426 176.498 0.25 -7.643 -15.29 -20.472 -206.224 4.0 327.0 58.0 108.3 -6.89 0.0 -1.183 3.121 -26.769 -21.2 0.0 0.0 -1.308 -62.765 -0.585 -5.854 c.7.1
SCORE: -656.736 13.977 -2.008 -18.973 -1.154 -9.658 -0.587 845.994 1644.677 798.683 10.0 0.147 1.192 0.455 -3.659 -1483.535 304.751 3.413 131.502 415.704 -11.599 181.342 0.579 -6.979 -15.228 -22.971 -207.092 4.0 327.0 61.0 107.619 -6.669 0.0 -0.908 3.186 -27.113 -21.2 0.0 0.0 -0.969 -49.412 -0.598 -5.977 c.7.10
SCORE: -635.221 14.744 -1.943 -18.151 -1.235 -6.548 -0.446 822.955 1469.488 646.533 23.0 0.147 1.207 0.45 -3.653 -1487.2 307.471 4.067 133.42 411.215 -12.281 200.319 0.499 -6.802 -13.248 -20.603 -207.052 3.0 327.0 53.0 107.887 -5.861 0.0 -0.894 2.845 -26.35 -21.2 0.0 0.0 -1.008 -43.338 -0.407 -4.069 c.7.100
SCORE: -636.601 13.583 -1.947 -20.205 -1.493 -6.518 -0.481 776.954 1353.737 576.782 6.0 0.148 1.226 0.45 -3.673 -1490.359 317.125 3.723 131.623 416.306 -12.886 201.005 0.558 -12.179 -13.471 -24.022 -206.464 2.0 327.0 55.0 107.166 -7.075 0.0 -0.81 3.246 -27.29 -21.2 0.0 0.0 -0.819 -36.846 -0.773 -7.728 c.7.101
SCORE: -638.336 14.658 -1.952 -18.18 -1.23 3.14 0.212 864.455 1478.543 614.088 20.0 0.146 1.194 0.459 -3.667 -1488.547 306.698 3.153 133.959 407.32 -11.786 205.732 -0.609 -7.579 -13.8 -20.804 -206.688 1.0 327.0 53.0 108.889 -6.837 0.0 -0.976 2.994 -27.971 -21.2 0.0 0.0 -1.155 -49.654 -0.206 -2.057 c.7.102
SCORE: -629.287 14.214 -1.924 -21.156 -1.176 2.098 0.117 1043.673 1798.244 754.57 16.0 0.148 1.183 0.443 -3.651 -1500.823 310.793 3.893 134.848 416.804 -12.571 211.78 -0.608 -6.716 -13.396 -22.023 -205.742 1.0 327.0 62.0 108.228 -6.341 0.0 -0.837 3.18 -28.124 -21.2 0.0 0.0 -0.936 -48.686 -0.323 -3.228 c.7.103
SCORE: -609.395 14.158 -1.864 -19.54 -1.337 25.148 1.721 826.053 1461.154 635.101 14.0 0.146 1.184 0.459 -3.658 -1483.417 302.515 3.85 133.848 404.624 -13.029 232.336 0.0 -8.691 -12.67 -16.464 -206.786 0.0 327.0 55.0 108.366 -7.432 0.0 -0.416 2.939 -26.315 -21.2 0.0 0.0 -0.393 -17.706 -0.517 -5.171 c.7.104
SCORE: -632.909 13.649 -1.936 -20.646 -1.385 0.774 0.052 964.733 1490.455 525.722 18.0 0.146 1.186 0.459 -3.662 -1489.186 311.371 3.865 134.338 410.794 -12.572 196.421 0.0 -8.045 -13.006 -15.479 -206.496 0.0 327.0 62.0 106.992 -5.589 0.0 -0.995 3.181 -26.427 -21.2 0.0 0.0 -1.1 -57.224 -0.448 -4.482 c.7.105
SCORE: -599.73 14.111 -1.834 -18.637 -1.234 29.92 1.981 900.337 1510.23 609.893 15.0 0.147 1.174 0.454 -3.653 -1489.99 310.942 4.027 135.428 407.144 -12.481 236.678 0.0 -8.782 -13.087 -17.487 -206.854 0.0 327.0 56.0 107.627 -6.591 0.0 -0.141 2.925 -26.15 -21.2 0.0 0.0 -0.113 -5.204 -0.269 -2.69 c.7.106
SCORE: -584.184 14.125 -1.786 -22.42 -1.408 37.281 2.342 963.146 1592.191 629.045 28.0 0.147 1.208 0.457 -3.679 -1506.821 319.199 3.746 135.252 425.184 -12.776 244.524 -0.104 -9.571 -12.402 -18.588 -207.077 4.0 327.0 61.0 108.241 -6.438 0.0 -0.447 3.103 -26.692 -21.2 0.0 0.0 -0.614 -31.338 0.408 4.084 c.7.107
SCORE: -640.014 14.791 -1.957 -18.753 -1.16 -10.382 -0.642 929.689 1617.085 687.397 12.0 0.147 1.211 0.456 -3.674 -1510.068 311.253 3.362 133.734 423.041 -12.36 206.75 0.145 -7.988 -12.433 -24.12 -206.241 1.0 327.0 64.0 107.765 -6.317 0.0 -1.338 3.134 -26.466 -21.2 0.0 0.0 -1.56 -84.221 -0.139 -1.389 c.7.108
SCORE: -638.918 13.471 -1.954 -17.739 -1.316 -7.775 -0.577 802.466 1348.285 545.819 11.0 0.148 1.196 0.448 -3.656 -1481.885 308.106 3.291 133.796 405.392 -12.037 199.828 0.571 -12.867 -12.413 -16.888 -207.88 2.0 327.0 58.0 107.683 -6.616 0.0 -1.15 2.91 -26.274 -21.2 0.0 0.0 -1.22 -58.579 -0.81 -8.097 c.7.109
SCORE: -652.17 14.93 -1.994 -20.347 -1.181 -8.431 -0.489 940.913 1723.374 782.461 15.0 0.147 1.184 0.457 -3.65 -1491.912 306.45 3.798 133.816 422.541 -12.108 184.026 0.53 -7.444 -13.948 -24.039 -206.739 4.0 327.0 66.0 107.779 -7.209 0.0 -1.09 3.323 -27.441 -21.2 0.0 0.0 -1.225 -68.594 -0.337 -3.367 c.7.11
SCORE: -636.832 15.175 -1.947 -19.3 -1.207 -5.062 -0.317 925.431 1598.788 673.357 13.0 0.147 1.208 0.456 -3.67 -1485.455 306.284 3.202 137.023 410.866 -12.111 199.268 0.525 -7.913 -12.862 -21.808 -206.717 2.0 327.0 57.0 107.537 -7.201 0.0 -1.257 2.94 -26.825 -21.2 0.0 0.0 -1.549 -72.803 0.116 1.164 c.7.110
SCORE: -636.566 13.725 -1.947 -19.108 -1.28 -5.607 -0.376 957.736 1492.26 534.524 12.0 0.146 1.197 0.458 -3.665 -1482.515 312.759 3.553 131.325 408.194 -11.722 195.102 -0.0 -8.854 -12.879 -18.64 -207.179 0.0 327.0 59.0 107.279 -6.619 0.0 -0.948 3.089 -26.396 -21.2 0.0 0.0 -0.983 -48.154 -0.777 -7.767 c.7.111
SCORE: -611.266 14.139 -1.869 -2.414 -0.138 19.663 1.125 1087.511 1748.225 660.714 7.0 0.146 1.177 0.458 -3.651 -1487.263 307.445 3.605 135.381 406.636 -12.526 226.496 -0.078 -7.472 -12.547 -19.199 -206.102 1.0 327.0 60.0 107.425 -6.543 0.0 -0.557 2.877 -26.409 -21.2 0.0 0.0 -0.833 -41.666 0.827 8.268 c.7.112
SCORE: -629.596 15.833 -1.925 -14.989 -1.029 4.397 0.302 872.306 1456.509 584.203 19.0 0.147 1.193 0.456 -3.666 -1500.226 316.689 3.333 135.24 412.369 -12.759 206.795 -0.172 -8.267 -12.62 -16.931 -206.831 2.0 327.0 59.0 108.972 -7.455 0.0 -1.207 2.927 -27.761 -21.2 0.0 0.0 -1.54 -75.44 0.42 4.202 c.7.113
SCORE: -632.063 15.675 -1.933 -21.212 -1.507 1.545 0.11 872.88 1407.855 534.975 18.0 0.147 1.184 0.453 -3.65 -1497.582 314.127 3.333 136.846 412.931 -13.124 210.4 -2.276 -13.205 -12.49 -19.431 -207.003 3.0 327.0 59.0 108.232 -7.421 0.0 -1.228 2.884 -27.495 -21.2 0.0 0.0 -1.377 -67.469 -0.498 -4.984 c.7.114
SCORE: -626.321 13.484 -1.915 -17.186 -1.424 1.715 0.142 680.035 1206.688 526.653 11.0 0.147 1.206 0.453 -3.658 -1495.618 317.805 3.547 131.457 418.039 -12.334 206.883 -1.155 -8.786 -13.512 -22.839 -206.225 2.0 327.0 52.0 108.397 -6.232 0.0 -0.424 3.166 -27.017 -21.2 0.0 0.0 -0.443 -18.607 -0.346 -3.462 c.7.115
SCORE: -631.74 14.095 -1.932 -9.661 -0.596 7.728 0.477 935.989 1621.551 685.563 11.0 0.147 1.241 0.451 -3.678 -1495.969 313.89 3.647 134.811 421.37 -11.534 196.192 -0.131 -6.506 -13.511 -22.141 -206.897 1.0 327.0 58.0 108.27 -6.387 0.0 -0.486 3.152 -27.088 -21.2 0.0 0.0 -0.706 -33.884 0.571 5.709 c.7.116
SCORE: -630.657 15.357 -1.929 -21.602 -1.381 4.149 0.265 911.495 1563.92 652.424 16.0 0.147 1.191 0.454 -3.664 -1498.31 315.202 3.347 134.938 413.765 -11.846 207.498 -0.379 -12.545 -12.574 -19.105 -207.169 2.0 327.0 62.0 109.319 -6.359 0.0 -1.225 3.016 -26.762 -21.2 0.0 0.0 -1.55 -80.596 0.465 4.648 c.7.117
SCORE: -632.021 14.485 -1.933 -18.659 -1.374 -8.746 -0.644 917.688 1358.329 440.641 10.0 0.147 1.199 0.456 -3.671 -1489.691 318.324 3.613 135.127 413.889 -12.062 195.747 0.245 -9.732 -12.465 -20.441 -207.632 2.0 327.0 51.0 107.29 -6.985 0.0 -1.026 3.067 -27.0 -21.2 0.0 0.0 -1.233 -50.567 -0.176 -1.757 c.7.118
SCORE: -629.44 15.083 -1.925 -16.173 -1.19 8.118 0.597 885.329 1359.481 474.152 27.0 0.147 1.199 0.453 -3.658 -1490.405 318.126 3.546 135.632 413.283 -13.155 194.421 -0.145 -9.895 -12.78 -15.419 -206.792 1.0 327.0 55.0 108.88 -7.283 0.0 -1.104 2.93 -27.47 -21.2 0.0 0.0 -1.276 -57.417 -0.333 -3.328 c.7.119
SCORE: -635.596 14.952 -1.944 -7.952 -0.524 3.873 0.255 1019.598 1518.09 498.492 14.0 0.146 1.184 0.46 -3.642 -1485.401 313.777 3.578 136.598 409.885 -12.919 198.78 -1.465 -13.75 -12.661 -19.766 -206.904 4.0 327.0 64.0 108.083 -7.541 0.0 -1.111 2.961 -27.263 -21.2 0.0 0.0 -1.383 -74.689 0.36 3.597 c.7.12
SCORE: -632.919 14.892 -1.936 -22.284 -1.665 -5.208 -0.389 932.938 1338.149 405.211 24.0 0.147 1.187 0.452 -3.67 -1497.943 306.455 3.477 133.05 418.237 -12.835 210.407 0.426 -10.053 -12.829 -18.08 -206.836 2.0 327.0 55.0 108.282 -7.086 0.0 -1.262 2.939 -27.019 -21.2 0.0 0.0 -1.386 -62.385 -0.702 -7.016 c.7.120
SCORE: -627.812 14.238 -1.92 -12.172 -0.79 8.884 0.577 974.666 1540.165 565.498 19.0 0.147 1.174 0.453 -3.643 -1502.228 316.416 3.62 131.489 424.176 -12.317 203.331 -0.096 -8.328 -13.347 -22.66 -206.884 1.0 327.0 63.0 109.406 -4.689 0.0 -0.521 3.271 -25.999 -21.2 0.0 0.0 -0.713 -37.801 0.499 4.986 c.7.121
SCORE: -629.999 13.973 -1.927 -14.43 -1.049 -11.26 -0.818 765.468 1375.861 610.393 9.0 0.147 1.202 0.455 -3.656 -1493.211 304.951 3.382 132.484 420.439 -11.152 207.451 -0.0 -8.572 -13.212 -22.001 -206.091 0.0 327.0 49.0 107.925 -6.3 0.0 -0.723 3.338 -26.378 -21.2 0.0 0.0 -0.779 -30.389 -0.505 -5.05 c.7.122
SCORE: -629.425 14.684 -1.925 -18.313 -1.274 -4.016 -0.279 948.878 1436.936 488.059 11.0 0.146 1.185 0.455 -3.653 -1498.388 308.47 3.867 134.128 420.948 -11.511 207.805 0.085 -6.671 -13.479 -22.967 -206.777 1.0 327.0 58.0 108.468 -7.48 0.0 -0.815 3.131 -25.899 -21.2 0.0 0.0 -0.884 -42.409 -0.483 -4.833 c.7.123
SCORE: -629.725 15.538 -1.926 -22.614 -1.589 -3.473 -0.244 846.925 1423.386 576.462 18.0 0.147 1.201 0.454 -3.665 -1495.543 314.23 3.359 134.82 415.909 -13.186 205.759 1.013 -12.802 -12.471 -18.021 -206.899 3.0 327.0 57.0 109.155 -7.014 0.0 -1.239 2.881 -26.84 -21.2 0.0 0.0 -1.386 -65.161 -0.546 -5.462 c.7.124
SCORE: -629.477 15.556 -1.925 -18.458 -1.329 5.517 0.397 832.213 1389.181 556.968 13.0 0.147 1.18 0.453 -3.647 -1485.128 309.782 3.288 136.742 408.72 -12.305 205.193 -0.476 -11.563 -12.51 -18.096 -206.719 3.0 327.0 55.0 107.986 -7.097 0.0 -1.17 2.922 -27.626 -21.2 0.0 0.0 -1.342 -60.38 -0.398 -3.979 c.7.125
SCORE: -626.884 14.857 -1.917 -24.786 -1.552 -6.694 -0.419 919.646 1596.92 677.275 14.0 0.148 1.188 0.442 -3.642 -1503.09 313.356 3.843 137.511 419.248 -12.046 209.41 0.134 -8.286 -14.403 -20.527 -205.622 1.0 327.0 64.0 108.016 -6.973 0.0 -0.938 3.155 -27.413 -21.2 0.0 0.0 -1.053 -56.883 -0.315 -3.147 c.7.126
SCORE: -628.541 13.133 -1.922 -14.236 -1.239 6.314 0.55 726.889 1148.983 422.094 9.0 0.147 1.168 0.454 -3.652 -1488.265 311.917 3.762 132.169 411.602 -12.011 205.415 -0.285 -6.634 -13.207 -21.965 -205.892 1.0 327.0 43.0 108.844 -7.637 0.0 -0.354 2.943 -26.5 -21.2 0.0 0.0 -0.3 -9.898 -0.534 -5.338 c.7.127
SCORE: -618.821 14.694 -1.892 -13.551 -0.97 13.109 0.938 892.535 1397.485 504.951 16.0 0.146 1.21 0.457 -3.681 -1494.574 309.581 3.424 135.197 413.446 -12.634 217.244 -0.115 -8.403 -12.637 -17.449 -208.253 1.0 327.0 57.0 107.691 -5.522 0.0 -0.775 2.857 -25.721 -21.2 0.0 0.0 -0.949 -44.586 0.041 0.411 c.7.128
SCORE: -631.287 14.564 -1.931 -20.596 -1.377 -10.026 -0.67 973.391 1495.471 522.08 14.0 0.147 1.198 0.454 -3.648 -1500.073 311.502 3.645 133.567 420.1 -12.654 208.024 0.08 -8.913 -13.514 -22.878 -206.14 1.0 327.0 58.0 107.66 -6.062 0.0 -0.959 3.061 -25.565 -21.2 0.0 0.0 -1.022 -49.058 -0.656 -6.561 c.7.129
SCORE: -658.784 14.61 -2.015 -22.258 -1.465 -14.589 -0.96 979.87 1518.944 539.074 11.0 0.147 1.211 0.457 -3.683 -1488.181 300.671 3.768 135.367 411.754 -12.396 184.246 0.072 -7.793 -13.154 -20.787 -206.373 1.0 327.0 62.0 108.271 -6.711 0.0 -1.115 3.231 -27.629 -21.2 0.0 0.0 -1.222 -63.541 -0.561 -5.606 c.7.13
SCORE: -631.255 15.744 -1.93 -22.606 -1.512 -16.612 -1.111 898.239 1494.933 596.694 15.0 0.146 1.192 0.457 -3.665 -1497.475 317.769 3.174 134.327 413.337 -13.055 207.679 0.223 -14.022 -12.556 -17.195 -207.0 3.0 327.0 56.0 107.617 -6.69 0.0 -1.288 2.963 -27.058 -21.2 0.0 0.0 -1.344 -61.813 -1.031 -10.306 c.7.130
SCORE: -631.062 14.278 -1.93 -13.915 -1.004 0.793 0.057 888.357 1386.339 497.983 6.0 0.147 1.226 0.454 -3.683 -1484.749 319.876 3.63 134.905 405.679 -11.993 190.871 0.0 -8.798 -12.753 -18.607 -206.769 0.0 327.0 52.0 109.08 -6.36 0.0 -0.993 2.933 -24.953 -21.2 0.0 0.0 -1.384 -58.142 0.65 6.5 c.7.131
SCORE: -628.198 16.171 -1.921 -23.815 -1.544 1.382 0.09 860.141 1542.831 682.69 34.0 0.148 1.179 0.437 -3.617 -1518.131 314.069 3.797 136.811 427.235 -12.182 208.114 -2.253 -9.936 -13.793 -15.445 -206.791 3.0 327.0 61.0 110.805 -6.436 0.0 -1.197 3.157 -26.42 -21.2 0.0 0.0 -1.512 -77.102 0.406 4.062 c.7.132
SCORE: -617.425 15.375 -1.888 -15.548 -1.167 19.943 1.496 795.198 1332.704 537.506 18.0 0.147 1.215 0.456 -3.667 -1499.696 323.455 3.824 134.667 419.347 -12.587 204.173 0.0 -9.383 -14.099 -15.771 -207.355 0.0 327.0 61.0 108.488 -6.904 0.0 -0.6 3.687 -26.222 -21.2 0.0 0.0 -0.721 -36.785 0.019 0.188 c.7.133
SCORE: -594.731 15.027 -1.819 -15.124 -1.021 23.993 1.619 827.607 1481.596 653.989 12.0 0.147 1.206 0.453 -3.67 -1501.243 310.406 3.478 134.515 416.944 -12.433 243.537 -0.07 -10.819 -12.545 -14.599 -206.075 2.0 327.0 57.0 107.45 -6.195 0.0 -0.761 3.126 -27.214 -21.2 0.0 0.0 -0.923 -43.404 0.001 0.007 c.7.134
SCORE: -629.182 13.872 -1.924 -20.867 -1.282 -4.984 -0.306 901.333 1628.204 726.872 18.0 0.147 1.219 0.454 -3.682 -1484.558 312.7 3.668 138.177 407.754 -12.631 195.25 0.4 -8.849 -12.288 -18.416 -207.461 2.0 327.0 56.0 107.952 -4.764 0.0 -0.849 3.078 -25.733 -21.2 0.0 0.0 -1.18 -54.265 0.673 6.73 c.7.135
SCORE: -630.787 14.231 -1.929 -15.467 -0.928 15.321 0.919 969.017 1666.933 697.916 16.0 0.147 1.185 0.456 -3.643 -1484.867 309.49 3.674 130.907 421.377 -12.365 200.952 -0.405 -11.547 -13.417 -21.497 -205.61 5.0 327.0 60.0 107.786 -8.277 0.0 -0.549 3.216 -27.553 -21.2 0.0 0.0 -0.607 -30.363 -0.256 -2.565 c.7.136
SCORE: -633.703 15.25 -1.938 -19.366 -1.36 -2.197 -0.154 839.242 1424.458 585.216 16.0 0.147 1.201 0.452 -3.659 -1502.239 306.284 3.538 135.594 413.189 -12.426 217.193 1.842 -10.111 -13.024 -19.758 -205.956 3.0 327.0 56.0 108.758 -7.071 0.0 -1.054 3.165 -27.781 -21.2 0.0 0.0 -1.343 -61.765 0.275 2.753 c.7.137
SCORE: -584.838 15.474 -1.788 -18.694 -1.312 43.433 3.049 826.9 1424.357 597.457 7.0 0.147 1.21 0.454 -3.676 -1489.006 311.933 3.585 136.718 411.767 -12.401 247.48 -0.136 -10.843 -13.876 -17.625 -206.438 7.0 327.0 62.0 109.171 -7.019 0.0 -0.608 2.925 -28.143 -21.2 0.0 0.0 -0.759 -39.492 0.18 1.796 c.7.138
SCORE: -624.346 14.452 -1.909 -20.001 -1.478 12.438 0.919 691.026 1353.134 662.108 18.0 0.147 1.212 0.456 -3.667 -1497.914 311.974 3.819 134.904 420.614 -12.345 211.444 -0.545 -9.602 -14.368 -22.672 -206.9 6.0 327.0 57.0 108.779 -5.711 0.0 -0.422 3.232 -26.548 -21.2 0.0 0.0 -0.56 -26.31 0.224 2.239 c.7.139
SCORE: -657.202 14.098 -2.01 -15.891 -1.058 -11.343 -0.755 853.915 1501.889 647.974 11.0 0.15 1.204 0.438 -3.617 -1492.075 301.104 4.134 131.663 418.268 -12.067 187.64 0.138 -5.934 -13.179 -23.34 -206.014 1.0 327.0 54.0 107.615 -6.671 0.0 -1.008 3.115 -28.433 -21.2 0.0 0.0 -1.023 -45.008 -0.945 -9.451 c.7.14
SCORE: -629.988 15.316 -1.927 -20.387 -1.356 -7.013 -0.466 951.87 1503.464 551.595 21.0 0.147 1.176 0.457 -3.648 -1482.224 304.581 3.135 135.33 411.674 -13.276 205.409 0.239 -10.901 -12.686 -16.611 -206.731 1.0 327.0 57.0 107.226 -7.626 0.0 -1.257 2.937 -27.158 -21.2 0.0 0.0 -1.44 -67.684 -0.397 -3.972 c.7.140
SCORE: -621.35 14.545 -1.9 -17.403 -1.368 3.07 0.241 816.684 1272.148 455.464 17.0 0.147 1.217 0.456 -3.679 -1496.672 312.682 3.488 132.229 418.604 -12.434 214.61 -0.514 -7.782 -14.386 -21.79 -206.145 2.0 327.0 51.0 109.363 -6.741 0.0 -0.661 3.224 -26.539 -21.2 0.0 0.0 -0.748 -30.687 -0.3 -3.001 c.7.141
SCORE: -580.544 14.513 -1.775 -20.103 -1.414 42.13 2.964 889.422 1421.609 532.187 13.0 0.146 1.192 0.456 -3.636 -1498.874 326.793 4.031 133.828 419.708 -11.697 240.18 -0.137 -11.982 -12.958 -18.692 -206.299 4.0 327.0 59.0 108.156 -6.766 0.0 -0.127 3.176 -26.107 -21.2 0.0 0.0 -0.174 -8.528 0.104 1.041 c.7.142
SCORE: -626.559 15.553 -1.916 -20.872 -1.437 4.398 0.303 886.586 1452.344 565.757 20.0 0.146 1.18 0.455 -3.658 -1514.319 317.192 3.705 137.163 422.704 -12.724 207.34 -0.309 -9.276 -13.314 -17.04 -206.806 2.0 327.0 60.0 109.622 -4.957 0.0 -1.003 3.223 -25.998 -21.2 0.0 0.0 -1.323 -66.17 0.599 5.994 c.7.143
SCORE: -627.38 16.073 -1.919 -21.883 -1.49 5.419 0.369 796.938 1468.329 671.391 25.0 0.147 1.171 0.454 -3.648 -1500.372 308.234 3.091 140.764 410.606 -13.279 215.243 -0.546 -9.503 -12.52 -19.443 -206.781 4.0 327.0 57.0 110.813 -6.663 0.0 -1.254 3.015 -27.51 -21.2 0.0 0.0 -1.585 -74.517 0.303 3.035 c.7.144
SCORE: -628.624 13.73 -1.922 -25.601 -1.584 -2.071 -0.128 933.797 1616.087 682.289 13.0 0.147 1.175 0.454 -3.646 -1503.885 319.093 3.764 134.183 425.15 -13.797 203.734 2.894 -11.661 -14.774 -22.549 -206.477 4.0 327.0 62.0 108.78 -4.386 0.0 -0.602 3.198 -25.926 -21.2 0.0 0.0 -0.758 -39.413 0.21 2.104 c.7.145
SCORE: -620.174 15.263 -1.897 -17.637 -1.282 10.859 0.789 800.917 1376.275 575.358 32.0 0.147 1.216 0.454 -3.683 -1503.099 310.392 3.518 133.921 416.47 -12.403 217.978 -0.077 -8.719 -14.492 -13.257 -206.759 1.0 327.0 56.0 110.178 -6.713 0.0 -0.842 3.107 -27.229 -21.2 0.0 0.0 -0.968 -44.549 -0.258 -2.578 c.7.146
SCORE: -620.958 15.026 -1.899 -18.187 -1.312 4.691 0.338 865.196 1386.687 521.491 16.0 0.147 1.207 0.452 -3.662 -1486.798 316.21 3.772 135.025 409.757 -13.197 209.888 -0.448 -13.265 -12.754 -19.612 -206.282 2.0 327.0 55.0 108.846 -6.239 0.0 -1.05 2.891 -26.147 -21.2 0.0 0.0 -1.262 -56.777 -0.096 -0.96 c.7.147
SCORE: -600.005 14.308 -1.835 -21.514 -1.527 0.237 0.017 758.992 1409.279 650.286 14.0 0.146 1.2 0.451 -3.672 -1486.467 316.493 4.057 134.298 408.687 -12.121 229.5 -19.283 -7.565 -14.403 -19.8 -206.362 4.0 327.0 54.0 107.379 -7.425 0.0 -0.315 3.011 -26.212 -21.2 0.0 0.0 -0.27 -11.86 -0.513 -5.128 c.7.148
SCORE: -623.763 15.079 -1.908 -26.854 -1.755 8.924 0.583 989.744 1530.383 540.64 20.0 0.147 1.189 0.453 -3.66 -1500.704 326.448 3.467 133.755 411.932 -12.565 212.01 -0.627 -10.995 -13.384 -20.392 -206.052 4.0 327.0 58.0 107.845 -7.605 0.0 -0.978 3.814 -28.267 -21.2 0.0 0.0 -1.121 -53.796 -0.294 -2.944 c.7.149
SCORE: -653.388 13.921 -1.998 -15.747 -1.03 -8.042 -0.526 742.45 1528.828 786.378 14.0 0.147 1.186 0.45 -3.669 -1478.843 306.517 3.426 134.989 406.725 -13.049 183.426 0.349 -8.707 -12.418 -21.114 -207.716 2.0 327.0 62.0 107.346 -7.443 0.0 -1.195 2.96 -26.399 -21.2 0.0 0.0 -1.449 -75.325 0.126 1.262 c.7.15
SCORE: -621.799 14.342 -1.902 -19.509 -1.444 1.826 0.135 813.873 1350.877 537.004 20.0 0.147 1.198 0.45 -3.662 -1494.485 315.788 3.196 135.347 410.802 -11.937 212.608 -1.3 -10.527 -12.085 -17.685 -206.829 2.0 327.0 58.0 107.926 -6.631 0.0 -1.057 2.895 -27.113 -21.2 0.0 0.0 -1.179 -56.571 -0.474 -4.735 c.7.150
SCORE: -634.065 14.974 -1.939 -17.692 -1.109 1.37 0.086 1047.359 1595.94 548.582 12.0 0.147 1.216 0.456 -3.686 -1499.683 306.182 3.334 137.811 420.53 -12.46 204.467 -0.549 -9.154 -12.483 -21.543 -206.474 1.0 327.0 58.0 108.194 -5.736 0.0 -1.013 3.246 -27.231 -21.2 0.0 0.0 -1.225 -58.813 0.005 0.054 c.7.151
SCORE: -625.843 14.486 -1.914 -13.877 -1.067 7.139 0.549 856.229 1300.694 444.465 15.0 0.146 1.211 0.452 -3.67 -1491.807 307.503 3.512 133.654 422.321 -12.874 203.69 -0.077 -10.499 -12.714 -20.886 -206.826 1.0 327.0 54.0 108.637 -5.017 0.0 -1.044 3.21 -24.686 -21.2 0.0 0.0 -1.329 -58.48 0.212 2.125 c.7.152
SCORE: -629.194 15.463 -1.924 -21.238 -1.397 -10.637 -0.7 917.169 1520.2 603.032 27.0 0.147 1.219 0.455 -3.682 -1505.925 312.585 3.356 136.079 422.97 -11.635 205.723 0.145 -11.447 -15.264 -18.229 -206.875 2.0 327.0 60.0 110.677 -5.951 0.0 -1.212 3.085 -25.284 -21.2 0.0 0.0 -1.43 -71.518 -0.123 -1.23 c.7.153
SCORE: -610.315 15.675 -1.866 -10.722 -0.777 14.217 1.031 784.284 1379.015 594.731 32.0 0.145 1.191 0.462 -3.667 -1511.104 320.424 3.767 135.906 424.448 -11.663 214.529 -0.114 -7.702 -13.448 -17.499 -205.867 1.0 327.0 59.0 109.186 -5.8 0.0 -0.66 3.724 -26.148 -21.2 0.0 0.0 -1.207 -59.137 2.018 20.179 c.7.154
SCORE: -618.875 14.973 -1.893 -16.734 -1.142 14.686 1.002 951.684 1465.647 513.963 12.0 0.147 1.221 0.458 -3.69 -1483.628 313.116 3.516 133.937 410.406 -13.342 214.793 0.0 -10.231 -12.829 -21.606 -206.404 0.0 327.0 57.0 107.611 -6.874 0.0 -1.166 2.953 -27.23 -21.2 0.0 0.0 -1.337 -62.833 -0.365 -3.646 c.7.155
SCORE: -630.494 14.972 -1.928 -20.494 -1.395 10.805 0.735 881.276 1469.426 588.15 19.0 0.147 1.209 0.45 -3.669 -1495.96 311.75 3.278 136.976 412.654 -11.674 208.453 -0.128 -12.314 -14.428 -16.899 -206.129 1.0 327.0 59.0 108.23 -7.05 0.0 -1.045 2.902 -27.22 -21.2 0.0 0.0 -1.251 -61.282 -0.037 -0.374 c.7.156
SCORE: -617.471 15.475 -1.888 -11.842 -0.836 10.554 0.745 953.166 1416.184 463.018 36.0 0.146 1.214 0.458 -3.679 -1517.892 310.512 3.619 133.453 437.016 -12.091 215.024 0.0 -6.584 -13.776 -18.506 -206.741 0.0 327.0 62.0 110.031 -5.731 0.0 -0.787 3.193 -25.937 -21.2 0.0 0.0 -1.039 -54.034 0.524 5.24 c.7.157
SCORE: -617.275 14.289 -1.888 -19.353 -1.217 6.544 0.411 923.904 1590.734 666.83 18.0 0.147 1.185 0.454 -3.662 -1491.35 310.186 3.74 131.616 416.789 -12.048 217.77 -0.191 -6.694 -13.081 -22.321 -206.896 1.0 327.0 59.0 107.778 -5.675 0.0 -0.654 3.221 -27.233 -21.2 0.0 0.0 -0.757 -37.102 -0.147 -1.465 c.7.158
SCORE: -618.908 14.079 -1.893 -16.225 -1.341 11.981 0.99 705.624 1210.109 504.486 23.0 0.147 1.206 0.455 -3.679 -1490.182 306.895 3.341 132.862 414.98 -11.852 215.863 -0.143 -10.766 -12.485 -14.21 -206.698 2.0 327.0 58.0 107.649 -7.123 0.0 -0.756 2.959 -27.071 -21.2 0.0 0.0 -0.89 -42.698 -0.113 -1.126 c.7.159
SCORE: -651.173 13.229 -1.991 -18.951 -1.285 -11.656 -0.79 878.84 1474.692 595.852 8.0 0.147 1.198 0.456 -3.665 -1483.46 308.13 3.596 134.021 414.603 -12.104 182.871 0.448 -6.817 -13.099 -26.819 -206.384 3.0 327.0 53.0 107.552 -5.919 0.0 -0.784 3.097 -27.378 -21.2 0.0 0.0 -0.858 -36.903 -0.464 -4.637 c.7.16
SCORE: -591.683 15.07 -1.809 -15.742 -0.949 32.177 1.939 1000.491 1659.146 658.655 18.0 0.146 0.473 0.446 -0.494 -1510.848 323.468 3.525 140.226 421.409 -11.683 237.681 -0.195 -12.038 -13.152 -23.442 -206.652 6.0 327.0 66.0 107.599 -4.345 0.0 -0.602 3.097 -25.899 -21.2 0.0 0.0 -0.821 -46.003 0.628 6.28 c.7.160
SCORE: -615.16 13.78 -1.881 -20.665 -1.418 7.994 0.548 831.871 1457.726 625.855 16.0 0.146 1.222 0.456 -3.679 -1494.014 320.196 3.762 131.502 421.426 -11.954 207.614 -0.836 -9.433 -13.99 -21.01 -206.409 6.0 327.0 58.0 108.995 -5.737 0.0 -0.618 3.219 -26.272 -21.2 0.0 0.0 -0.669 -32.135 -0.371 -3.711 c.7.161
SCORE: -619.565 15.342 -1.895 -22.188 -1.489 5.568 0.374 972.747 1490.064 517.317 21.0 0.147 1.207 0.454 -3.666 -1517.174 322.109 3.483 137.371 424.961 -12.514 211.123 -0.138 -8.397 -14.564 -16.643 -206.702 1.0 327.0 62.0 108.892 -5.676 0.0 -1.07 3.231 -26.007 -21.2 0.0 0.0 -1.343 -69.816 0.349 3.488 c.7.162
SCORE: -624.105 15.056 -1.909 -21.031 -1.668 9.83 0.78 759.659 1260.7 501.04 22.0 0.147 1.208 0.45 -3.66 -1494.132 314.342 3.621 133.283 413.132 -12.832 210.273 -0.436 -11.561 -12.765 -18.061 -207.087 3.0 327.0 56.0 108.683 -4.806 0.0 -0.899 3.078 -26.216 -21.2 0.0 0.0 -1.145 -52.687 0.236 2.355 c.7.163
SCORE: -600.948 14.814 -1.838 -21.439 -1.397 10.058 0.656 899.233 1534.203 634.971 19.0 0.146 1.163 0.457 -3.622 -1504.148 331.62 4.702 133.316 421.213 -11.844 220.708 -0.177 -7.248 -15.216 -21.594 -206.836 1.0 327.0 63.0 108.663 -7.035 0.0 -0.615 3.166 -27.361 -21.2 0.0 0.0 -0.648 -34.353 -0.437 -4.374 c.7.164
SCORE: -614.068 15.487 -1.878 -24.626 -1.588 24.471 1.578 1027.164 1550.465 523.301 23.0 0.147 1.207 0.453 -3.669 -1497.258 329.886 4.253 137.862 409.834 -11.65 202.904 -0.111 -10.738 -12.619 -13.801 -207.835 2.0 327.0 62.0 110.397 -7.434 0.0 -1.067 2.891 -27.698 -21.2 0.0 0.0 -1.282 -66.673 0.053 0.531 c.7.165
SCORE: -609.962 14.591 -1.865 -23.663 -1.55 9.69 0.635 930.002 1526.967 596.965 9.0 0.147 1.212 0.451 -3.679 -1509.457 330.401 3.341 139.112 421.947 -12.666 213.159 -0.19 -11.699 -12.337 -21.686 -206.94 2.0 327.0 75.0 111.629 -7.368 0.0 -1.098 3.186 -27.514 -21.2 0.0 0.0 -1.497 -97.326 1.501 15.01 c.7.166
SCORE: -603.679 14.394 -1.846 -14.613 -1.075 7.359 0.541 850.704 1359.787 509.083 21.0 0.147 1.194 0.451 -3.669 -1510.715 322.086 3.664 132.71 425.63 -11.913 229.864 0.0 -9.331 -13.373 -22.757 -206.935 0.0 327.0 53.0 109.421 -5.202 0.0 -0.774 3.253 -27.006 -21.2 0.0 0.0 -1.0 -43.02 0.198 1.979 c.7.167
SCORE: -551.963 13.974 -1.688 -17.707 -1.173 66.755 4.423 879.789 1509.149 629.359 18.0 0.147 1.2 0.454 -3.665 -1493.471 327.133 4.14 133.867 414.537 -11.823 263.978 -0.037 -8.713 -13.528 -18.425 -207.059 2.0 327.0 57.0 108.642 -5.173 0.0 0.559 3.263 -26.267 -21.2 0.0 0.0 0.676 31.764 0.009 0.093 c.7.168
SCORE: -594.339 13.611 -1.818 -19.368 -1.344 7.287 0.506 882.541 1440.702 558.161 15.0 0.146 1.201 0.455 -3.666 -1500.809 321.454 3.903 132.693 420.466 -12.3 235.18 -0.094 -9.451 -13.08 -18.133 -206.171 1.0 327.0 51.0 107.268 -7.217 0.0 -0.096 3.04 -28.116 -21.2 0.0 0.0 0.103 4.211 -0.909 -9.089 c.7.169
SCORE: -649.545 13.907 -1.986 -18.586 -1.258 -13.884 -0.94 884.561 1476.84 592.279 7.0 0.147 1.198 0.452 -3.659 -1479.065 310.273 3.572 131.48 414.758 -11.643 180.023 0.38 -9.116 -12.83 -24.502 -206.797 4.0 327.0 61.0 108.099 -6.617 0.0 -1.003 3.159 -27.277 -21.2 0.0 0.0 -1.121 -57.188 -0.402 -4.018 c.7.17
SCORE: -604.47 14.718 -1.849 -21.49 -1.427 12.536 0.832 855.921 1506.424 650.503 23.0 0.147 1.208 0.454 -3.674 -1501.037 325.097 3.59 137.656 415.142 -11.899 216.016 -0.112 -8.929 -12.308 -18.433 -206.617 1.0 327.0 60.0 109.377 -5.454 0.0 -0.932 2.967 -26.572 -21.2 0.0 0.0 -1.254 -62.676 0.676 6.758 c.7.170
SCORE: -599.852 13.571 -1.834 -11.917 -0.81 21.308 1.448 872.265 1471.169 598.904 15.0 0.147 1.209 0.459 -3.672 -1490.699 320.939 3.427 136.494 406.92 -12.626 225.522 -0.112 -8.562 -12.146 -18.0 -207.38 2.0 327.0 58.0 108.901 -6.372 0.0 -0.55 4.076 -27.289 -21.2 0.0 0.0 -0.87 -41.744 0.985 9.849 c.7.171
SCORE: -597.722 13.121 -1.828 -16.306 -1.359 23.514 1.959 626.749 1200.186 573.437 16.0 0.147 1.23 0.453 -3.686 -1502.245 325.954 3.778 130.866 424.311 -12.754 225.357 -0.094 -9.902 -13.577 -21.025 -206.614 2.0 327.0 52.0 109.088 -5.308 0.0 -0.151 3.588 -26.184 -21.2 0.0 0.0 -0.092 -3.855 -0.398 -3.983 c.7.172
SCORE: -604.304 14.462 -1.848 -18.966 -1.38 4.838 0.352 795.251 1374.236 578.985 27.0 0.146 1.211 0.456 -3.69 -1490.557 319.952 3.371 133.336 409.479 -11.731 224.833 -0.553 -8.428 -13.134 -19.789 -207.258 2.0 327.0 54.0 107.636 -6.043 0.0 -0.596 2.924 -25.818 -21.2 0.0 0.0 -0.634 -27.917 -0.429 -4.289 c.7.173
SCORE: -603.763 14.667 -1.846 -12.592 -0.905 11.185 0.804 839.159 1391.398 552.239 17.0 0.147 1.207 0.45 -3.668 -1486.179 322.151 3.808 131.663 412.478 -12.031 214.018 0.0 -11.619 -12.745 -15.603 -206.978 0.0 327.0 54.0 108.133 -5.863 0.0 -0.721 2.998 -24.929 -21.2 0.0 0.0 -0.833 -36.654 -0.228 -2.282 c.7.174
SCORE: -575.733 15.292 -1.761 -21.352 -1.229 -1.594 -0.092 1086.016 1737.627 651.611 21.0 0.147 1.208 0.457 -3.671 -1507.415 313.662 3.93 141.239 417.286 -12.859 258.676 1.096 -8.74 -12.566 -13.749 -207.34 1.0 327.0 71.0 107.011 -7.308 0.0 -0.959 3.142 -27.642 -21.2 0.0 0.0 -1.134 -69.2 0.108 1.083 c.7.175
SCORE: -567.713 13.5 -1.736 -20.726 -1.393 27.861 1.873 845.637 1487.478 641.842 14.0 0.144 1.115 0.474 -3.541 -1493.328 310.989 3.526 136.077 417.521 -12.646 264.301 -0.208 -11.875 -12.967 -17.189 -206.674 4.0 327.0 61.0 107.636 -6.903 0.0 -0.439 3.193 -26.365 -21.2 0.0 0.0 -0.459 -23.396 -0.336 -3.358 c.7.176
SCORE: -599.743 15.395 -1.834 -18.262 -1.335 18.571 1.358 833.51 1367.845 534.335 26.0 0.146 1.201 0.454 -3.664 -1519.031 323.979 3.586 135.29 426.263 -12.693 224.412 -0.058 -8.354 -14.284 -16.724 -206.191 1.0 327.0 62.0 115.203 -5.177 0.0 -0.629 3.344 -26.303 -21.2 0.0 0.0 -1.047 -54.423 1.546 15.456 c.7.177
SCORE: -589.526 14.35 -1.803 -15.423 -1.067 32.633 2.258 882.8 1444.994 562.195 27.0 0.146 1.164 0.454 -3.638 -1493.16 335.62 3.833 132.508 407.169 -11.293 225.681 -0.027 -7.383 -13.416 -18.723 -206.918 1.0 327.0 60.0 109.299 -5.967 0.0 -0.092 3.271 -26.974 -21.2 0.0 0.0 -0.004 -0.219 -0.53 -5.302 c.7.178
SCORE: -579.97 15.109 -1.774 -23.223 -1.377 -13.676 -0.811 1085.606 1686.768 601.162 15.0 0.147 1.212 0.451 -3.669 -1499.149 305.79 3.387 137.848 415.751 -12.42 260.469 0.179 -9.184 -13.378 -18.065 -207.518 3.0 327.0 64.0 108.106 -6.132 0.0 -1.216 3.364 -25.779 -21.2 0.0 0.0 -1.452 -78.404 0.058 0.582 c.7.179
SCORE: -651.937 13.73 -1.994 -17.365 -1.124 -3.277 -0.212 869.013 1545.286 676.274 9.0 0.147 1.196 0.454 -3.661 -1478.984 301.593 3.571 132.052 410.338 -12.243 185.679 -0.0 -7.826 -12.922 -19.552 -206.507 0.0 327.0 66.0 107.97 -7.403 0.0 -1.034 3.237 -27.876 -21.2 0.0 0.0 -1.136 -63.632 -0.459 -4.595 c.7.18
SCORE: -589.777 15.217 -1.804 -20.56 -1.161 36.121 2.039 1028.508 1771.453 742.945 14.0 0.147 1.203 0.455 -3.678 -1511.162 322.477 3.852 135.183 430.859 -12.405 236.903 -0.153 -9.176 -14.673 -21.821 -206.74 5.0 327.0 68.0 108.582 -5.663 0.0 -0.614 3.13 -26.05 -21.2 0.0 0.0 -0.805 -46.672 0.493 4.935 c.7.180
SCORE: -584.087 14.976 -1.786 -7.78 -0.525 36.061 2.433 957.032 1482.165 525.133 13.0 0.147 1.2 0.454 -3.669 -1507.319 333.102 3.421 132.309 417.289 -10.614 236.115 -0.073 -10.319 -13.117 -15.039 -205.974 3.0 327.0 58.0 110.588 -7.822 0.0 -0.395 3.807 -27.447 -21.2 0.0 0.0 -0.667 -32.024 0.909 9.09 c.7.181
SCORE: -579.778 14.763 -1.773 -18.821 -1.357 -10.269 -0.74 800.848 1387.435 586.587 21.0 0.147 1.204 0.456 -3.675 -1488.797 302.924 3.594 135.331 407.559 -13.409 265.717 0.305 -9.803 -13.13 -17.947 -206.4 2.0 327.0 58.0 107.837 -6.771 0.0 -1.17 3.071 -26.485 -21.2 0.0 0.0 -1.317 -63.215 -0.466 -4.662 c.7.182
SCORE: -574.87 14.561 -1.758 -20.354 -1.381 -17.72 -1.202 878.564 1473.771 595.207 11.0 0.144 1.09 0.471 -3.501 -1492.742 307.89 3.264 133.502 418.821 -11.685 258.437 0.001 -9.211 -13.332 -21.203 -206.368 1.0 327.0 60.0 107.776 -4.814 0.0 -0.788 3.171 -25.38 -21.2 0.0 0.0 -0.91 -45.521 -0.177 -1.769 c.7.183
SCORE: -578.092 14.575 -1.768 -17.63 -1.246 -6.933 -0.49 843.187 1414.352 571.165 19.0 0.146 1.182 0.459 -3.652 -1495.786 307.15 3.565 133.122 415.065 -12.333 266.582 0.233 -7.021 -13.272 -23.247 -206.386 1.0 327.0 57.0 107.705 -6.264 0.0 -1.035 2.988 -26.894 -21.2 0.0 0.0 -1.168 -54.878 -0.411 -4.113 c.7.184
SCORE: -577.452 15.75 -1.766 -20.317 -1.287 57.063 3.614 981.978 1579.036 597.058 22.0 0.147 1.21 0.455 -3.672 -1494.014 327.872 4.033 137.305 412.185 -12.279 238.366 -0.069 -11.876 -13.423 -14.712 -205.795 4.0 327.0 50.0 108.428 -6.57 0.0 -0.025 2.882 -26.794 -21.2 0.0 0.0 -0.045 -1.802 0.054 0.537 c.7.185
SCORE: -556.967 14.775 -1.703 -18.783 -1.244 74.981 4.968 938.163 1509.315 571.152 15.0 0.146 1.207 0.456 -3.667 -1492.755 330.44 3.893 132.742 410.504 -12.696 265.979 -0.028 -10.39 -13.957 -18.305 -206.164 2.0 327.0 59.0 108.28 -7.051 0.0 0.337 3.461 -27.889 -21.2 0.0 0.0 0.457 22.381 -0.247 -2.472 c.7.186
SCORE: -556.443 15.919 -1.702 -18.117 -1.262 -3.648 -0.254 896.56 1435.911 539.35 14.0 0.146 1.194 0.458 -3.667 -1500.935 315.305 3.652 136.837 415.879 -12.752 282.496 0.741 -9.098 -13.78 -21.411 -206.524 3.0 327.0 56.0 107.962 -6.821 0.0 -1.342 2.875 -27.059 -21.2 0.0 0.0 -1.679 -77.235 0.21 2.103 c.7.187
SCORE: -532.983 14.303 -1.63 -20.561 -1.488 67.13 4.859 824.675 1381.532 556.857 12.0 0.147 1.236 0.454 -3.675 -1514.176 339.099 5.013 133.555 429.992 -12.656 273.337 -0.02 -6.378 -15.155 -19.879 -206.702 1.0 327.0 57.0 110.696 -4.699 0.0 0.603 3.593 -25.584 -21.2 0.0 0.0 0.672 31.587 0.281 2.812 c.7.188
SCORE: -448.609 14.5 -1.372 49.393 3.303 161.846 10.824 875.567 1495.272 619.705 12.0 0.147 1.194 0.456 -3.661 -1511.118 334.526 4.059 133.383 418.143 -13.095 370.072 -0.006 -9.334 -14.583 -17.83 -207.453 2.0 327.0 61.0 110.48 -1.437 0.0 1.943 3.893 -25.25 -21.2 0.0 0.0 1.371 69.935 4.858 48.582 c.7.189
SCORE: -655.354 14.641 -2.004 -22.424 -1.545 -17.578 -1.211 834.923 1451.674 616.751 25.0 0.146 1.177 0.456 -3.653 -1487.473 301.645 3.621 133.057 408.347 -12.177 195.157 0.258 -8.079 -14.74 -22.111 -206.414 4.0 327.0 57.0 108.277 -7.02 0.0 -0.964 3.113 -27.483 -21.2 0.0 0.0 -1.025 -48.182 -0.677 -6.769 c.7.19
SCORE: -290.737 14.158 -0.889 26.593 1.754 105.647 6.968 928.108 1516.171 588.063 16.0 0.148 1.144 0.451 -3.554 -1589.271 372.596 3.683 135.789 448.619 -12.892 540.461 -0.02 -12.306 -13.315 -20.326 -207.622 2.0 327.0 68.0 114.627 -4.308 0.0 0.863 2.65 -26.113 -21.2 0.0 0.0 0.31 17.981 4.074 40.737 c.7.190
SCORE: -674.062 15.625 -2.061 -26.779 -1.791 -19.611 -1.312 910.143 1495.044 584.901 10.0 0.147 1.172 0.451 -3.65 -1492.679 299.95 3.597 135.718 410.611 -13.471 186.788 0.412 -11.914 -15.874 -23.762 -206.117 6.0 327.0 60.0 107.86 -7.13 0.0 -1.426 2.931 -27.488 -21.2 0.0 0.0 -1.586 -79.309 -0.625 -6.247 c.7.2
SCORE: -653.9 14.889 -2.0 -18.511 -1.306 -14.502 -1.023 774.741 1417.659 642.918 7.0 0.147 1.207 0.452 -3.666 -1480.441 308.129 3.205 135.249 409.037 -12.43 180.391 0.359 -12.71 -15.679 -15.413 -206.739 3.0 327.0 54.0 107.457 -6.874 0.0 -1.314 2.867 -26.891 -21.2 0.0 0.0 -1.442 -63.461 -0.751 -7.508 c.7.20
SCORE: -648.129 14.522 -1.982 -15.746 -0.986 -7.227 -0.453 920.831 1596.24 675.409 7.0 0.146 1.165 0.458 -3.645 -1497.111 310.91 3.799 132.906 425.547 -13.154 192.78 0.756 -10.839 -12.631 -26.708 -207.155 3.0 327.0 62.0 107.336 -6.66 0.0 -1.095 3.174 -27.248 -21.2 0.0 0.0 -1.216 -63.252 -0.464 -4.644 c.7.21
SCORE: -650.772 15.0 -1.99 -18.887 -1.312 -11.37 -0.79 984.021 1439.349 455.328 18.0 0.147 1.213 0.452 -3.669 -1485.405 313.347 3.435 138.368 408.072 -11.575 182.961 0.205 -8.145 -12.61 -24.609 -205.949 2.0 327.0 60.0 107.076 -7.43 0.0 -1.249 2.887 -28.138 -21.2 0.0 0.0 -1.382 -69.084 -0.586 -5.858 c.7.22
SCORE: -648.498 14.205 -1.983 -12.478 -0.915 -7.312 -0.536 855.479 1363.211 507.733 14.0 0.147 1.16 0.454 -3.632 -1484.183 300.183 3.575 133.341 409.462 -13.378 200.234 -0.0 -8.825 -12.856 -21.421 -206.413 0.0 327.0 55.0 107.429 -7.521 0.0 -1.36 2.872 -27.925 -21.2 0.0 0.0 -1.56 -70.221 -0.458 -4.581 c.7.23
SCORE: -647.548 15.973 -1.98 -15.774 -1.071 -0.223 -0.015 899.267 1472.414 573.148 15.0 0.148 1.192 0.45 -3.656 -1494.701 309.133 3.28 137.881 415.258 -13.186 194.538 10.21 -13.058 -14.525 -20.548 -206.997 2.0 327.0 59.0 110.613 -6.902 0.0 -1.257 2.93 -28.198 -21.2 0.0 0.0 -1.487 -72.869 -0.128 -1.279 c.7.24
SCORE: -649.375 13.583 -1.986 -17.105 -1.206 -4.895 -0.345 769.603 1418.565 648.961 2.0 0.147 1.185 0.453 -3.642 -1477.782 302.611 3.345 131.592 411.879 -12.617 184.861 1.007 -10.959 -13.351 -19.305 -207.142 4.0 327.0 57.0 110.693 -6.665 0.0 -0.9 3.224 -26.7 -21.2 0.0 0.0 -1.071 -50.335 -0.098 -0.983 c.7.25
SCORE: -644.179 14.676 -1.97 -21.374 -1.528 1.696 0.121 919.425 1398.772 479.348 19.0 0.147 1.188 0.451 -3.666 -1497.78 315.915 3.605 132.275 412.711 -12.984 201.933 -1.376 -12.271 -12.741 -20.768 -206.002 2.0 327.0 58.0 108.266 -7.9 0.0 -1.329 2.939 -28.295 -21.2 0.0 0.0 -1.447 -69.435 -0.762 -7.618 c.7.26
SCORE: -646.371 14.675 -1.977 -17.941 -1.205 -9.593 -0.644 911.441 1488.707 577.266 14.0 0.147 1.222 0.453 -3.689 -1490.637 307.941 3.784 132.268 418.153 -12.364 193.135 0.286 -9.186 -13.228 -23.885 -205.684 2.0 327.0 54.0 106.907 -5.9 0.0 -1.089 3.155 -27.764 -21.2 0.0 0.0 -1.238 -54.493 -0.433 -4.33 c.7.27
SCORE: -653.978 15.725 -2.0 -20.319 -1.331 -1.238 -0.081 965.475 1527.019 561.543 26.0 0.147 1.191 0.451 -3.657 -1482.726 310.134 3.641 136.843 406.693 -13.071 181.274 2.205 -11.683 -12.655 -19.255 -206.354 2.0 327.0 53.0 107.766 -7.224 0.0 -1.329 2.953 -27.247 -21.2 0.0 0.0 -1.407 -60.489 -0.992 -9.924 c.7.28
SCORE: -642.444 14.881 -1.965 -20.969 -1.393 -2.576 -0.171 787.049 1505.776 718.728 20.0 0.147 1.218 0.453 -3.685 -1493.671 318.546 3.704 131.978 417.583 -12.226 183.827 1.474 -8.247 -15.238 -18.671 -207.4 5.0 327.0 61.0 109.78 -5.991 0.0 -0.911 3.261 -26.614 -21.2 0.0 0.0 -1.207 -61.532 0.597 5.974 c.7.29
SCORE: -667.354 13.568 -2.041 -15.181 -1.087 -8.162 -0.584 848.218 1396.979 548.761 9.0 0.146 1.174 0.456 -3.643 -1472.503 295.472 3.661 131.634 403.222 -12.796 178.387 0.094 -9.435 -12.706 -19.398 -207.06 1.0 327.0 55.0 108.197 -7.238 0.0 -1.072 2.946 -26.671 -21.2 0.0 0.0 -1.124 -50.574 -0.838 -8.377 c.7.3
SCORE: -649.582 13.514 -1.986 -21.266 -1.49 -9.949 -0.697 919.709 1426.914 507.205 14.0 0.148 1.227 0.444 -3.664 -1476.217 303.477 3.506 134.884 402.988 -12.068 183.548 0.315 -7.821 -12.478 -16.751 -207.036 2.0 327.0 64.0 107.992 -6.821 0.0 -1.191 3.07 -26.811 -21.2 0.0 0.0 -1.368 -73.863 -0.234 -2.339 c.7.30
SCORE: -655.216 15.262 -2.004 -22.004 -1.436 -4.342 -0.283 887.426 1532.547 645.121 21.0 0.147 1.193 0.455 -3.663 -1498.701 308.845 3.273 135.41 413.112 -12.324 190.87 0.198 -10.272 -12.674 -20.251 -207.006 1.0 327.0 63.0 108.329 -6.288 0.0 -1.46 3.056 -27.528 -21.2 0.0 0.0 -1.687 -89.407 -0.258 -2.577 c.7.31
SCORE: -637.94 14.895 -1.951 -13.104 -0.88 8.967 0.602 850.021 1489.788 639.767 11.0 0.146 1.189 0.459 -3.657 -1494.566 312.101 3.854 134.854 418.028 -12.193 195.507 -0.248 -10.411 -14.357 -18.359 -206.775 2.0 327.0 58.0 109.086 -7.213 0.0 -0.661 3.225 -27.658 -21.2 0.0 0.0 -0.843 -40.449 0.213 2.133 c.7.32
SCORE: -647.037 14.59 -1.979 -15.385 -1.137 -10.195 -0.754 836.505 1352.686 516.181 22.0 0.146 1.191 0.454 -3.659 -1490.486 310.047 3.879 132.648 414.099 -11.896 192.685 0.167 -6.972 -13.08 -24.72 -205.541 1.0 327.0 55.0 107.176 -7.609 0.0 -0.989 3.108 -27.306 -21.2 0.0 0.0 -1.128 -50.777 -0.361 -3.615 c.7.33
SCORE: -652.537 15.15 -1.996 -17.048 -1.183 -11.25 -0.781 966.138 1441.078 474.939 11.0 0.147 1.201 0.452 -3.671 -1477.407 300.134 3.372 132.715 409.652 -13.075 182.57 0.17 -9.523 -13.678 -15.91 -206.536 2.0 327.0 58.0 108.105 -6.694 0.0 -1.412 3.226 -26.418 -21.2 0.0 0.0 -1.628 -78.166 -0.37 -3.703 c.7.34
SCORE: -647.48 14.5 -1.98 -22.096 -1.562 -15.266 -1.079 854.83 1414.898 560.068 19.0 0.147 1.209 0.452 -3.681 -1490.849 304.325 3.439 134.397 408.655 -13.187 201.304 0.138 -9.756 -12.844 -19.034 -206.78 2.0 327.0 63.0 107.494 -7.393 0.0 -1.407 2.949 -27.127 -21.2 0.0 0.0 -1.587 -84.085 -0.454 -4.542 c.7.35
SCORE: -642.838 14.476 -1.966 -20.648 -1.372 -9.804 -0.651 787.312 1505.037 717.725 19.0 0.147 1.179 0.455 -3.637 -1492.478 306.858 3.436 134.076 411.871 -12.033 201.195 0.37 -8.88 -14.871 -19.201 -206.367 3.0 327.0 60.0 108.131 -6.634 0.0 -1.3 2.935 -27.82 -21.2 0.0 0.0 -1.437 -71.829 -0.617 -6.166 c.7.36
SCORE: -637.094 13.647 -1.948 -18.497 -1.346 -1.543 -0.112 831.643 1374.167 542.524 8.0 0.147 1.198 0.456 -3.661 -1494.122 316.66 3.58 132.75 413.804 -12.582 198.228 0.673 -8.466 -13.562 -23.323 -206.042 1.0 327.0 55.0 108.901 -6.185 0.0 -0.477 3.11 -26.786 -21.2 0.0 0.0 -0.488 -21.952 -0.426 -4.257 c.7.37
SCORE: -651.239 14.15 -1.992 -17.989 -1.224 -11.375 -0.774 872.4 1469.634 597.235 14.0 0.147 1.211 0.454 -3.686 -1482.333 298.843 3.165 132.529 406.658 -11.822 200.646 0.354 -11.994 -12.28 -20.698 -206.726 3.0 327.0 55.0 107.242 -7.202 0.0 -1.424 2.924 -27.118 -21.2 0.0 0.0 -1.553 -69.863 -0.845 -8.45 c.7.38
SCORE: -632.783 14.578 -1.935 -15.977 -1.071 4.245 0.285 932.084 1491.497 559.413 13.0 0.147 1.197 0.454 -3.674 -1503.285 310.299 3.407 133.398 420.868 -12.048 210.319 -0.519 -13.14 -12.41 -17.573 -206.326 2.0 327.0 64.0 107.529 -6.308 0.0 -0.969 3.232 -27.668 -21.2 0.0 0.0 -1.134 -61.23 -0.078 -0.777 c.7.39
SCORE: -672.099 15.0 -2.055 -23.868 -1.619 -14.965 -1.015 846.472 1474.316 627.844 14.0 0.146 1.186 0.453 -3.662 -1489.408 299.707 3.363 134.367 407.944 -12.358 179.543 0.353 -10.459 -15.115 -19.109 -205.678 4.0 327.0 62.0 107.894 -5.997 0.0 -1.196 2.893 -26.609 -21.2 0.0 0.0 -1.328 -69.062 -0.509 -5.09 c.7.4
SCORE: -657.578 14.676 -2.011 -16.822 -1.227 -10.744 -0.783 823.771 1371.408 547.637 17.0 0.147 1.199 0.458 -3.666 -1481.217 302.736 3.276 132.061 412.115 -12.572 180.923 -0.0 -9.051 -12.668 -20.489 -206.916 0.0 327.0 60.0 108.798 -7.845 0.0 -1.406 2.897 -26.563 -21.2 0.0 0.0 -1.548 -77.414 -0.697 -6.969 c.7.40
SCORE: -649.143 14.763 -1.985 -21.611 -1.508 -8.548 -0.597 834.777 1432.678 597.901 15.0 0.147 1.19 0.459 -3.663 -1488.794 308.562 3.695 132.779 407.47 -12.699 195.923 0.241 -7.45 -14.869 -23.333 -207.305 2.0 327.0 59.0 108.612 -6.416 0.0 -0.961 3.574 -25.825 -21.2 0.0 0.0 -1.042 -51.063 -0.561 -5.614 c.7.41
SCORE: -640.704 14.342 -1.959 -15.253 -1.081 -5.281 -0.374 909.729 1411.458 501.729 15.0 0.147 1.173 0.453 -3.62 -1484.421 305.328 3.732 133.214 409.149 -13.292 201.606 -0.0 -8.832 -12.855 -19.649 -206.437 0.0 327.0 56.0 107.117 -7.532 0.0 -1.164 2.889 -27.675 -21.2 0.0 0.0 -1.301 -59.829 -0.537 -5.37 c.7.42
SCORE: -632.27 13.821 -1.934 -4.986 -0.337 4.837 0.327 851.511 1478.993 627.482 7.0 0.147 1.187 0.453 -3.664 -1493.823 304.293 3.576 133.783 412.362 -12.18 217.076 -0.452 -9.452 -12.458 -21.605 -206.932 2.0 327.0 63.0 107.764 -7.583 0.0 -1.162 3.192 -27.208 -21.2 0.0 0.0 -1.366 -72.413 -0.081 -0.808 c.7.43
SCORE: -649.912 15.444 -1.987 -20.138 -1.391 -4.709 -0.325 932.91 1447.394 514.484 27.0 0.147 1.199 0.452 -3.671 -1486.989 307.688 3.353 135.197 408.397 -12.795 184.789 -0.0 -10.234 -12.643 -14.187 -206.809 0.0 327.0 59.0 107.818 -6.577 0.0 -1.391 2.891 -26.738 -21.2 0.0 0.0 -1.598 -78.285 -0.377 -3.771 c.7.44
SCORE: -640.904 14.912 -1.96 -16.311 -1.195 2.014 0.148 843.526 1365.429 521.904 19.0 0.147 1.186 0.456 -3.666 -1484.019 309.771 3.598 133.651 407.894 -12.143 198.279 -0.475 -11.066 -12.987 -20.042 -206.718 1.0 327.0 55.0 107.476 -7.206 0.0 -1.314 2.963 -27.279 -21.2 0.0 0.0 -1.457 -65.586 -0.668 -6.683 c.7.45
SCORE: -636.299 15.5 -1.946 -15.296 -1.091 6.81 0.486 849.203 1401.982 552.778 14.0 0.146 1.208 0.46 -3.67 -1499.237 312.607 4.028 132.192 421.461 -11.779 197.957 -0.27 -6.842 -13.528 -22.57 -206.635 2.0 327.0 61.0 109.144 -6.785 0.0 -0.824 3.109 -26.364 -21.2 0.0 0.0 -0.97 -49.451 -0.081 -0.813 c.7.46
SCORE: -641.873 14.692 -1.963 -18.561 -1.259 -6.062 -0.411 848.868 1474.292 625.424 19.0 0.147 1.18 0.451 -3.653 -1498.029 313.751 3.976 133.397 418.434 -12.555 193.308 0.114 -7.854 -13.342 -21.373 -206.896 1.0 327.0 57.0 107.57 -5.635 0.0 -0.762 3.248 -26.798 -21.2 0.0 0.0 -0.874 -41.062 -0.235 -2.355 c.7.47
SCORE: -621.026 14.073 -1.899 -7.996 -0.476 16.317 0.97 1105.081 1681.584 576.503 9.0 0.147 1.236 0.458 -3.691 -1484.219 309.178 3.601 131.964 409.422 -12.677 215.501 -0.215 -9.532 -12.443 -17.175 -206.35 2.0 327.0 64.0 107.486 -7.516 0.0 -0.854 2.969 -28.184 -21.2 0.0 0.0 -1.016 -54.867 0.02 0.195 c.7.48
SCORE: -635.37 14.415 -1.943 -17.388 -1.222 15.027 1.056 851.156 1422.63 571.474 6.0 0.148 1.205 0.45 -3.655 -1497.253 306.137 3.232 134.203 417.709 -12.015 208.649 -0.173 -9.16 -12.387 -24.034 -206.566 2.0 327.0 62.0 108.137 -5.895 0.0 -0.875 3.132 -26.209 -21.2 0.0 0.0 -1.013 -52.659 -0.156 -1.56 c.7.49
SCORE: -662.89 14.5 -2.027 -22.486 -1.517 -6.613 -0.446 830.986 1481.87 650.884 16.0 0.146 1.188 0.456 -3.652 -1483.059 304.889 3.817 132.723 403.425 -12.681 185.007 0.458 -11.824 -13.13 -18.543 -206.375 2.0 327.0 61.0 107.297 -7.289 0.0 -1.007 2.969 -27.054 -21.2 0.0 0.0 -1.074 -54.756 -0.667 -6.673 c.7.5
SCORE: -641.196 14.488 -1.961 -15.683 -1.054 -12.251 -0.823 893.055 1487.906 594.851 15.0 0.147 1.18 0.45 -3.635 -1482.693 302.187 3.59 134.932 405.932 -13.022 198.465 -0.0 -8.53 -12.664 -16.017 -207.019 0.0 327.0 57.0 107.778 -7.275 0.0 -1.276 2.912 -26.714 -21.2 0.0 0.0 -1.531 -71.95 -0.08 -0.799 c.7.50
SCORE: -645.193 13.161 -1.973 -14.562 -1.168 -10.263 -0.823 754.717 1246.416 491.699 7.0 0.146 1.159 0.456 -3.637 -1485.446 305.17 3.814 131.4 409.588 -12.116 199.919 0.282 -10.23 -13.209 -21.186 -206.493 2.0 327.0 48.0 108.165 -7.663 0.0 -0.76 3.024 -26.853 -21.2 0.0 0.0 -0.773 -29.361 -0.712 -7.125 c.7.51
SCORE: -637.055 13.675 -1.948 -17.719 -1.11 -1.535 -0.096 955.407 1595.652 640.245 18.0 0.147 1.21 0.453 -3.662 -1486.455 310.027 3.792 131.246 417.026 -11.677 189.933 1.709 -7.313 -13.914 -16.092 -206.157 3.0 327.0 60.0 107.308 -6.914 0.0 -0.84 3.13 -27.942 -21.2 0.0 0.0 -0.913 -45.627 -0.475 -4.754 c.7.52
SCORE: -641.122 15.189 -1.961 -22.442 -1.49 -2.199 -0.146 826.815 1506.532 679.717 19.0 0.147 1.203 0.456 -3.664 -1488.987 306.967 3.166 135.516 406.001 -11.634 202.504 2.031 -11.322 -13.622 -17.314 -206.745 4.0 327.0 57.0 109.719 -7.612 0.0 -1.255 3.062 -27.764 -21.2 0.0 0.0 -1.438 -67.566 -0.399 -3.993 c.7.53
SCORE: -646.776 14.31 -1.978 -23.504 -1.445 -8.911 -0.548 994.415 1626.057 631.642 29.0 0.147 1.178 0.451 -3.646 -1487.187 307.267 3.707 135.747 409.915 -12.749 189.7 0.726 -9.145 -12.856 -18.805 -206.705 5.0 327.0 59.0 107.629 -5.984 0.0 -1.174 2.919 -27.16 -21.2 0.0 0.0 -1.417 -69.421 0.013 0.13 c.7.54
SCORE: -647.478 13.976 -1.98 -20.553 -1.315 -12.283 -0.786 857.522 1562.464 704.942 20.0 0.147 1.193 0.447 -3.646 -1497.812 309.856 3.779 131.501 425.684 -11.533 193.777 0.559 -8.253 -15.23 -26.866 -205.677 5.0 327.0 60.0 108.468 -7.564 0.0 -0.883 3.173 -27.722 -21.2 0.0 0.0 -0.995 -49.741 -0.323 -3.23 c.7.55
SCORE: -639.374 14.341 -1.955 -20.16 -1.337 -8.704 -0.577 860.666 1508.316 647.65 11.0 0.147 1.214 0.455 -3.678 -1491.13 304.216 3.238 134.977 411.765 -12.156 204.127 0.213 -9.306 -12.548 -18.632 -207.233 2.0 327.0 58.0 107.155 -7.111 0.0 -1.199 2.964 -26.639 -21.2 0.0 0.0 -1.35 -64.78 -0.474 -4.736 c.7.56
SCORE: -634.964 13.344 -1.942 -19.44 -1.464 4.85 0.365 783.963 1328.293 544.331 10.0 0.147 1.235 0.455 -3.689 -1496.27 316.243 4.62 132.069 413.779 -12.088 204.382 0.0 -8.433 -13.424 -21.725 -206.313 0.0 327.0 47.0 107.568 -7.047 0.0 -0.471 3.2 -28.472 -21.2 0.0 0.0 -0.379 -14.012 -0.811 -8.106 c.7.57
SCORE: -638.497 13.395 -1.953 -16.825 -1.127 2.062 0.138 861.621 1493.082 631.461 12.0 0.146 1.159 0.458 -3.648 -1487.337 310.413 3.524 131.653 416.625 -12.309 193.814 -1.869 -7.726 -13.073 -23.061 -206.573 3.0 327.0 59.0 108.705 -6.284 0.0 -0.608 3.115 -26.897 -21.2 0.0 0.0 -0.615 -30.12 -0.574 -5.739 c.7.58
SCORE: -646.12 15.553 -1.976 -24.354 -1.658 -10.497 -0.715 840.128 1468.685 628.556 15.0 0.147 1.192 0.455 -3.664 -1490.452 305.182 3.259 134.792 408.914 -12.33 203.227 0.524 -11.149 -12.6 -22.106 -206.903 4.0 327.0 54.0 107.87 -6.91 0.0 -1.477 3.041 -26.884 -21.2 0.0 0.0 -1.657 -72.915 -0.686 -6.859 c.7.59
SCORE: -651.846 14.026 -1.993 -19.708 -1.257 -9.959 -0.635 936.765 1567.946 631.181 16.0 0.147 1.198 0.457 -3.656 -1478.7 306.173 3.727 134.774 402.815 -12.283 185.82 0.415 -6.612 -12.677 -23.892 -207.636 3.0 327.0 54.0 107.579 -4.763 0.0 -1.03 2.989 -26.107 -21.2 0.0 0.0 -1.228 -54.049 -0.159 -1.589 c.7.6
SCORE: -643.131 13.795 -1.967 -16.721 -1.173 -11.451 -0.803 847.526 1425.246 577.72 7.0 0.147 1.192 0.456 -3.654 -1482.228 305.103 3.179 134.059 406.573 -12.384 199.645 0.294 -10.193 -12.639 -21.603 -207.227 2.0 327.0 64.0 107.702 -6.619 0.0 -1.205 3.05 -26.491 -21.2 0.0 0.0 -1.448 -78.177 0.106 1.06 c.7.60
SCORE: -647.819 14.765 -1.981 -17.885 -1.304 -5.022 -0.366 890.961 1371.352 480.391 12.0 0.147 1.207 0.452 -3.674 -1485.908 299.577 3.153 134.64 410.86 -12.204 197.084 0.36 -11.086 -13.033 -17.383 -206.193 1.0 327.0 56.0 107.891 -7.594 0.0 -1.155 2.972 -27.526 -21.2 0.0 0.0 -1.323 -60.863 -0.38 -3.797 c.7.61
SCORE: -607.727 14.816 -1.858 -16.499 -1.212 19.517 1.433 840.181 1361.632 521.45 27.0 0.147 1.209 0.45 -3.673 -1503.384 312.087 3.676 133.974 419.372 -12.291 229.906 -0.117 -10.687 -13.193 -18.573 -205.922 3.0 327.0 55.0 110.035 -7.103 0.0 -0.423 3.298 -25.856 -21.2 0.0 0.0 -0.6 -27.014 0.377 3.77 c.7.62
SCORE: -625.423 14.667 -1.913 -25.821 -1.582 6.213 0.381 1062.417 1632.277 569.859 16.0 0.142 1.445 0.972 -3.671 -1500.203 311.446 3.719 137.528 412.544 -12.198 208.251 -0.441 -7.996 -12.41 -16.672 -207.263 2.0 327.0 63.0 109.506 -5.852 0.0 -1.043 3.101 -26.613 -21.2 0.0 0.0 -1.263 -66.926 0.122 1.217 c.7.63
SCORE: -645.563 14.618 -1.974 -19.321 -1.392 -3.414 -0.246 852.912 1388.338 535.426 17.0 0.146 1.214 0.454 -3.673 -1492.024 309.385 3.735 135.744 409.927 -12.505 191.171 0.929 -9.609 -12.357 -18.638 -206.683 3.0 327.0 54.0 107.359 -5.703 0.0 -0.84 2.93 -25.236 -21.2 0.0 0.0 -0.937 -41.241 -0.41 -4.104 c.7.64
SCORE: -636.306 14.385 -1.946 -17.693 -1.326 -0.312 -0.023 857.191 1333.904 476.713 15.0 0.147 1.2 0.454 -3.664 -1500.791 313.785 3.834 132.586 424.627 -11.212 196.831 8.48 -7.191 -13.299 -23.883 -206.173 2.0 327.0 56.0 109.121 -6.59 0.0 -0.833 3.102 -27.989 -21.2 0.0 0.0 -0.922 -42.394 -0.424 -4.237 c.7.65
SCORE: -628.269 15.024 -1.921 -6.328 -0.439 7.381 0.512 931.388 1442.743 511.355 14.0 0.148 1.2 0.447 -3.636 -1481.504 306.939 3.724 135.292 403.886 -13.073 209.009 -0.252 -7.064 -13.373 -20.952 -206.303 2.0 327.0 61.0 108.936 -7.059 0.0 -0.816 3.012 -26.696 -21.2 0.0 0.0 -1.039 -52.992 0.323 3.228 c.7.66
SCORE: -643.783 14.318 -1.969 -21.133 -1.241 -6.292 -0.369 1088.566 1703.099 614.533 13.0 0.146 1.208 0.456 -3.678 -1503.62 312.578 3.314 132.426 422.541 -12.815 199.397 -0.0 -7.068 -12.498 -24.009 -206.857 0.0 327.0 73.0 107.24 -6.569 0.0 -1.267 3.08 -27.855 -21.2 0.0 0.0 -1.409 -88.747 -0.374 -3.745 c.7.67
SCORE: -632.16 13.462 -1.933 -26.374 -1.688 -15.251 -0.976 970.83 1562.593 591.763 18.0 0.147 1.171 0.454 -3.65 -1499.144 310.484 3.698 133.055 415.929 -12.231 212.356 0.181 -7.737 -13.663 -22.012 -206.005 3.0 327.0 54.0 107.668 -6.86 0.0 -0.883 3.08 -27.701 -21.2 0.0 0.0 -0.881 -38.749 -0.895 -8.946 c.7.68
SCORE: -644.787 13.034 -1.972 -15.179 -1.196 -3.109 -0.245 735.342 1269.366 534.024 8.0 0.146 1.208 0.46 -3.677 -1485.022 300.751 3.469 131.759 410.122 -12.832 202.432 -0.0 -8.711 -14.308 -20.18 -205.987 0.0 327.0 48.0 107.334 -6.581 0.0 -0.768 2.984 -26.955 -21.2 0.0 0.0 -0.786 -29.874 -0.697 -6.97 c.7.69
SCORE: -660.885 14.525 -2.021 -23.918 -1.427 -23.969 -1.43 1043.187 1676.471 633.283 12.0 0.147 1.186 0.455 -3.653 -1488.738 299.109 3.594 134.735 414.23 -12.48 184.74 0.023 -9.018 -13.355 -22.725 -206.014 1.0 327.0 60.0 107.738 -5.298 0.0 -1.245 3.107 -27.446 -21.2 0.0 0.0 -1.405 -70.24 -0.448 -4.475 c.7.7
SCORE: -639.022 14.265 -1.954 -11.475 -0.88 2.748 0.211 850.813 1303.593 452.78 12.0 0.146 1.205 0.46 -3.672 -1489.338 310.88 3.675 137.265 410.416 -12.527 192.608 -0.678 -9.922 -12.359 -20.223 -206.865 1.0 327.0 57.0 108.598 -6.164 0.0 -0.828 3.151 -25.158 -21.2 0.0 0.0 -1.128 -53.008 0.584 5.837 c.7.70
SCORE: -645.835 14.057 -1.975 -15.879 -1.298 -2.42 -0.198 793.766 1223.5 429.735 15.0 0.147 1.204 0.457 -3.678 -1485.602 303.365 3.343 133.781 407.34 -13.489 201.635 -0.0 -8.756 -14.295 -20.952 -205.936 0.0 327.0 55.0 107.114 -6.335 0.0 -1.163 3.169 -27.148 -21.2 0.0 0.0 -1.264 -56.861 -0.71 -7.103 c.7.71
SCORE: -638.461 12.821 -1.952 -17.172 -1.131 -9.617 -0.634 828.749 1517.915 689.166 14.0 0.147 1.233 0.455 -3.689 -1482.529 306.456 3.388 135.502 410.815 -12.233 197.796 0.486 -10.242 -12.35 -21.934 -207.529 4.0 327.0 63.0 107.189 -6.621 0.0 -1.001 2.88 -25.997 -21.2 0.0 0.0 -1.091 -57.798 -0.525 -5.252 c.7.72
SCORE: -641.335 13.412 -1.961 -15.583 -1.032 -7.417 -0.491 832.333 1509.418 677.086 12.0 0.147 1.194 0.457 -3.663 -1476.071 303.19 3.321 133.847 403.946 -11.931 197.971 0.273 -8.895 -12.771 -20.462 -206.882 1.0 327.0 55.0 107.798 -7.035 0.0 -0.995 3.037 -27.333 -21.2 0.0 0.0 -1.091 -49.103 -0.563 -5.63 c.7.73
SCORE: -637.674 14.905 -1.95 -20.914 -1.297 1.615 0.1 922.606 1612.515 689.909 16.0 0.147 1.196 0.456 -3.661 -1510.037 313.147 3.375 136.229 422.541 -12.042 205.862 -0.994 -9.868 -13.267 -22.393 -206.443 2.0 327.0 63.0 108.882 -6.756 0.0 -1.244 2.846 -26.689 -21.2 0.0 0.0 -1.494 -79.165 0.078 0.776 c.7.74
SCORE: -601.175 13.0 -1.838 -20.783 -1.377 19.743 1.308 774.575 1509.142 734.567 13.0 0.147 1.232 0.455 -3.685 -1488.619 310.616 3.516 136.013 408.158 -12.732 234.78 -0.157 -9.333 -11.946 -20.273 -206.238 3.0 327.0 52.0 109.362 -7.522 0.0 -0.222 3.157 -27.064 -21.2 0.0 0.0 -0.221 -9.273 -0.225 -2.248 c.7.75
SCORE: -647.724 14.579 -1.981 -15.842 -1.183 -8.831 -0.659 843.431 1339.42 495.989 18.0 0.147 1.196 0.453 -3.664 -1491.605 304.216 3.361 134.71 411.904 -13.502 198.738 -0.0 -8.936 -14.231 -20.262 -205.657 0.0 327.0 54.0 106.983 -5.851 0.0 -1.139 3.077 -27.599 -21.2 0.0 0.0 -1.263 -55.553 -0.597 -5.967 c.7.76
SCORE: -605.414 16.105 -1.851 -20.427 -1.286 32.875 2.069 896.486 1588.703 692.216 19.0 0.147 1.211 0.457 -3.672 -1491.779 309.691 3.516 137.256 412.455 -11.838 226.101 -0.043 -8.03 -14.244 -16.847 -207.262 2.0 327.0 59.0 107.171 -5.613 0.0 -0.787 3.169 -26.102 -21.2 0.0 0.0 -0.832 -40.786 -0.566 -5.655 c.7.77
SCORE: -637.422 14.714 -1.949 -12.54 -0.914 -7.011 -0.511 778.738 1372.543 593.805 16.0 0.146 1.207 0.457 -3.673 -1484.984 305.39 3.465 133.937 412.052 -12.359 200.896 0.252 -9.145 -14.699 -20.19 -207.165 2.0 327.0 50.0 108.646 -6.655 0.0 -1.082 2.938 -26.489 -21.2 0.0 0.0 -1.432 -57.263 0.317 3.174 c.7.78
SCORE: -638.611 14.167 -1.953 -22.462 -1.483 -7.847 -0.518 827.615 1514.851 687.236 8.0 0.147 1.19 0.454 -3.659 -1489.9 312.576 3.25 133.804 411.986 -12.454 201.388 0.582 -11.407 -12.577 -21.022 -206.736 4.0 327.0 60.0 106.808 -7.674 0.0 -1.158 2.926 -26.51 -21.2 0.0 0.0 -1.261 -63.046 -0.646 -6.455 c.7.79
SCORE: -649.955 14.273 -1.988 -13.643 -1.117 -6.928 -0.567 712.797 1221.346 508.549 9.0 0.146 1.198 0.457 -3.668 -1489.952 301.503 3.998 132.546 416.574 -11.995 193.669 0.166 -9.495 -13.123 -22.362 -205.958 1.0 327.0 52.0 108.074 -6.589 0.0 -0.671 3.187 -26.966 -21.2 0.0 0.0 -0.73 -30.641 -0.425 -4.248 c.7.8
SCORE: -632.388 14.975 -1.934 -13.889 -0.915 8.432 0.556 904.823 1517.624 612.801 16.0 0.147 1.23 0.454 -3.69 -1478.815 312.257 3.427 135.476 405.871 -12.36 193.382 -0.122 -10.83 -12.565 -14.795 -206.817 1.0 327.0 57.0 108.382 -7.699 0.0 -0.91 2.973 -27.216 -21.2 0.0 0.0 -1.154 -54.233 0.236 2.361 c.7.80
SCORE: -641.953 14.41 -1.963 -21.446 -1.521 -8.924 -0.633 848.239 1410.282 562.043 8.0 0.148 1.22 0.442 -3.674 -1483.173 302.908 3.505 133.22 406.218 -12.725 204.259 0.379 -10.26 -12.945 -22.308 -207.181 3.0 327.0 59.0 108.463 -5.961 0.0 -1.086 2.982 -25.894 -21.2 0.0 0.0 -1.284 -62.904 -0.118 -1.181 c.7.81
SCORE: -627.115 13.308 -1.918 -14.096 -1.075 23.906 1.823 719.521 1311.06 591.539 8.0 0.146 1.206 0.457 -3.673 -1493.928 309.68 3.316 132.887 419.624 -11.551 207.486 -0.14 -8.462 -12.59 -21.857 -206.565 2.0 327.0 56.0 108.518 -6.162 0.0 -0.54 2.914 -27.36 -21.2 0.0 0.0 -0.53 -24.364 -0.59 -5.897 c.7.82
SCORE: -641.273 13.903 -1.961 -18.681 -1.548 -9.193 -0.762 781.767 1206.969 425.202 7.0 0.147 1.185 0.456 -3.668 -1486.49 307.437 3.208 132.733 409.9 -11.866 200.578 0.321 -12.438 -12.407 -20.59 -206.863 2.0 327.0 52.0 107.556 -5.803 0.0 -1.018 2.969 -26.117 -21.2 0.0 0.0 -1.133 -47.598 -0.534 -5.339 c.7.83
SCORE: -614.397 14.0 -1.879 -0.123 -0.007 29.357 1.719 1058.429 1707.859 649.43 14.0 0.147 1.193 0.453 -3.644 -1483.232 305.257 3.607 135.6 407.094 -12.076 219.32 -0.041 -8.61 -12.171 -17.46 -206.802 2.0 327.0 61.0 107.383 -6.309 0.0 -0.61 3.0 -25.946 -21.2 0.0 0.0 -1.011 -51.578 1.439 14.389 c.7.84
SCORE: -643.537 15.405 -1.968 -23.636 -1.673 10.154 0.719 797.715 1412.795 615.079 19.0 0.146 1.192 0.456 -3.669 -1481.796 305.47 3.203 135.146 408.348 -13.662 202.459 -0.881 -9.633 -14.234 -25.991 -206.348 6.0 327.0 59.0 107.732 -6.972 0.0 -1.027 2.994 -27.18 -21.2 0.0 0.0 -1.18 -57.807 -0.281 -2.812 c.7.85
SCORE: -637.393 14.244 -1.949 -20.3 -1.39 -8.544 -0.585 904.377 1460.889 556.512 10.0 0.147 1.225 0.451 -3.675 -1485.951 308.843 3.321 134.204 407.442 -12.873 201.713 0.249 -9.526 -12.767 -17.675 -206.974 2.0 327.0 63.0 107.525 -7.705 0.0 -1.276 2.963 -26.881 -21.2 0.0 0.0 -1.481 -78.475 -0.194 -1.937 c.7.86
SCORE: -602.582 15.385 -1.843 -21.036 -1.373 25.648 1.674 965.38 1532.418 567.038 14.0 0.147 1.208 0.45 -3.671 -1504.208 316.219 3.622 136.194 419.873 -12.899 229.011 -0.076 -10.352 -12.839 -18.663 -206.978 2.0 327.0 63.0 108.338 -4.683 0.0 -0.954 3.159 -25.311 -21.2 0.0 0.0 -1.132 -59.971 -0.016 -0.162 c.7.87
SCORE: -607.168 13.868 -1.857 -14.983 -1.1 23.688 1.739 793.281 1362.513 569.232 11.0 0.147 1.223 0.452 -3.69 -1489.113 305.853 3.753 134.966 410.5 -13.263 231.996 -0.043 -8.671 -12.358 -18.324 -207.33 1.0 327.0 59.0 108.248 -6.438 0.0 -0.785 2.894 -26.814 -21.2 0.0 0.0 -0.948 -46.455 0.012 0.117 c.7.88
SCORE: -631.814 15.634 -1.932 -19.49 -1.305 -3.098 -0.207 899.739 1493.355 593.617 24.0 0.147 1.213 0.455 -3.677 -1491.488 310.414 3.803 134.084 414.29 -13.189 204.145 1.02 -7.881 -13.837 -22.256 -205.919 3.0 327.0 63.0 108.875 -6.25 0.0 -1.359 2.931 -26.475 -21.2 0.0 0.0 -1.67 -88.526 0.293 2.93 c.7.89
SCORE: -657.514 15.297 -2.011 -15.261 -1.091 -5.66 -0.405 875.265 1399.165 523.9 17.0 0.146 1.191 0.459 -3.666 -1477.534 306.568 3.595 133.103 407.892 -12.227 177.664 0.453 -10.625 -13.036 -19.354 -206.87 2.0 327.0 55.0 107.561 -6.9 0.0 -1.337 2.995 -27.277 -21.2 0.0 0.0 -1.601 -72.054 -0.146 -1.458 c.7.9
SCORE: -625.501 14.853 -1.913 -10.143 -0.697 18.013 1.238 897.426 1455.245 557.819 23.0 0.147 1.186 0.453 -3.659 -1488.224 321.463 3.757 133.257 412.388 -13.012 200.523 -0.043 -10.122 -12.711 -19.056 -206.79 1.0 327.0 60.0 107.829 -7.168 0.0 -1.095 3.021 -27.584 -21.2 0.0 0.0 -1.26 -62.987 -0.272 -2.72 c.7.90
SCORE: -637.304 14.886 -1.949 -15.699 -1.052 2.27 0.152 911.124 1491.836 580.712 23.0 0.147 1.185 0.457 -3.667 -1488.21 309.394 3.448 133.179 410.323 -12.996 204.416 0.0 -11.437 -12.708 -18.605 -206.215 0.0 327.0 59.0 107.487 -7.38 0.0 -1.395 2.929 -27.85 -21.2 0.0 0.0 -1.537 -75.337 -0.695 -6.948 c.7.91
SCORE: -638.817 15.243 -1.954 -18.035 -1.314 -9.678 -0.705 853.511 1372.162 518.651 8.0 0.148 1.189 0.448 -3.651 -1482.673 301.513 3.3 136.4 408.03 -13.203 203.455 0.307 -11.096 -12.497 -20.302 -206.989 3.0 327.0 56.0 109.11 -6.369 0.0 -1.346 2.958 -27.387 -21.2 0.0 0.0 -1.593 -73.26 -0.21 -2.099 c.7.92
SCORE: -640.227 15.545 -1.958 -21.38 -1.429 -1.178 -0.079 862.066 1496.68 634.614 10.0 0.148 1.18 0.452 -3.643 -1499.638 311.436 3.462 136.022 417.4 -12.507 196.663 1.664 -7.977 -14.273 -22.102 -206.247 3.0 327.0 68.0 108.812 -5.829 0.0 -1.417 3.143 -25.527 -21.2 0.0 0.0 -1.693 -98.212 0.187 1.865 c.7.93
SCORE: -636.136 14.775 -1.945 -19.524 -1.272 -3.468 -0.226 942.965 1535.39 592.425 10.0 0.147 1.225 0.453 -3.68 -1487.64 304.735 3.31 133.925 407.943 -12.867 206.498 0.204 -9.469 -12.578 -17.932 -206.696 1.0 327.0 60.0 108.486 -6.697 0.0 -1.37 2.943 -27.044 -21.2 0.0 0.0 -1.614 -80.681 -0.151 -1.512 c.7.94
SCORE: -640.1 15.825 -1.957 -23.617 -1.676 11.719 0.831 881.961 1409.519 527.558 20.0 0.148 1.204 0.452 -3.663 -1493.658 309.165 3.218 136.878 413.654 -13.18 204.291 -0.452 -15.615 -12.523 -19.551 -206.907 3.0 327.0 59.0 108.272 -7.063 0.0 -1.381 2.929 -26.952 -21.2 0.0 0.0 -1.497 -73.35 -0.816 -8.158 c.7.95
SCORE: -636.434 13.795 -1.946 -16.584 -1.051 -2.3 -0.146 998.402 1577.811 579.41 12.0 0.147 1.187 0.455 -3.636 -1488.839 305.438 3.429 132.548 417.245 -11.85 201.329 0.325 -9.035 -12.919 -20.959 -205.657 1.0 327.0 60.0 107.175 -7.312 0.0 -0.758 3.086 -27.064 -21.2 0.0 0.0 -0.855 -42.738 -0.277 -2.769 c.7.96
SCORE: -634.467 15.158 -1.94 -19.726 -1.439 -0.132 -0.01 858.77 1370.889 512.12 20.0 0.146 1.19 0.456 -3.667 -1506.141 310.584 3.645 136.906 420.659 -12.568 201.88 8.204 -8.176 -12.675 -17.166 -206.396 1.0 327.0 59.0 107.78 -6.313 0.0 -1.209 3.186 -26.599 -21.2 0.0 0.0 -1.453 -71.183 -0.014 -0.139 c.7.97
SCORE: -648.95 14.475 -1.985 -16.314 -1.122 -2.712 -0.187 941.493 1454.281 512.788 19.0 0.147 1.215 0.452 -3.677 -1486.255 306.929 3.409 136.906 407.122 -12.69 188.077 1.375 -8.654 -12.483 -22.837 -205.998 2.0 327.0 54.0 108.684 -6.158 0.0 -0.855 2.897 -24.836 -21.2 0.0 0.0 -0.978 -43.015 -0.314 -3.144 c.7.98
SCORE: -636.013 13.071 -1.945 -15.203 -1.088 -0.501 -0.036 802.752 1397.434 594.682 15.0 0.148 1.213 0.451 -3.674 -1482.415 300.973 3.224 132.397 409.208 -12.089 208.231 7.618 -10.514 -11.926 -19.516 -206.849 3.0 327.0 55.0 107.62 -7.266 0.0 -0.973 2.936 -26.964 -21.2 0.0 0.0 -1.114 -50.138 -0.338 -3.384 c.7.99
